7

________________________________________________________________
Configuration: WTS-125M-FV               CF2 V2_11 of Jun  3 2021

               _________________________________
                   Offload/Display Data File
               _________________________________
                   Sat Aug 17 04:19:50 2024

          <1> Display ALL data
          <2> Display event summary data
          <3> Display pump data
          <4> EEPROM data backup cache
          <M> Main Menu

          Selection [] ? 1

 Start the capture file now.
  
 Then, press any key to start the transfer.  The data
 file will remain in memory and is not erased by this
 offload procedure.


 Software version:  WTS-2_11
 Compiled:          Jun  3 2021 08:05:03
 Electronics S/N:   ML15043-03

 Data start:        08/24/2023 18:36:29
 Data stop:         04/13/2024 00:03:42

______

HEADER
______


 Lake Superior Western Mooring
 2023-24
 Werne & Suder

________________

EVENT PARAMETERS
________________


                                |Flush  |Sample Time  
                                |Vol    |Vol    Limit 

 Event  1: 09/01/2023 00:01:00  |100    |1000   21    |NA       
 Event  2: 09/16/2023 00:01:00  |100    |1000   21    |NA       
 Event  3: 10/01/2023 00:01:00  |100    |1000   21    |NA       
 Event  4: 10/16/2023 00:01:00  |100    |1000   21    |NA       
 Event  5: 10/31/2023 00:01:00  |100    |1000   21    |NA       
 Event  6: 11/15/2023 00:01:00  |100    |1000   21    |NA       
 Event  7: 11/30/2023 00:01:00  |100    |1000   21    |NA       
 Event  8: 12/15/2023 00:01:00  |100    |1000   21    |NA       
 Event  9: 12/30/2023 00:01:00  |100    |1000   21    |NA       
 Event 10: 01/14/2024 00:01:00  |100    |1000   21    |NA       
 Event 11: 01/29/2024 00:01:00  |100    |1000   21    |NA       
 Event 12: 02/13/2024 00:01:00  |100    |1000   21    |NA       
 Event 13: 02/28/2024 00:01:00  |100    |1000   21    |NA       
 Event 14: 03/14/2024 00:01:00  |100    |1000   21    |NA       
 Event 15: 03/29/2024 00:01:00  |100    |1000   21    |NA       
 Event 16: 04/13/2024 00:01:00  |100    |1000   21    |NA       
 Event 17: 04/28/2024 00:01:00  |100    |1000   21    |NA       
 Event 18: 05/13/2024 00:01:00  |100    |1000   21    |NA       
 Event 19: 05/28/2024 00:01:00  |100    |1000   21    |NA       
 Event 20: 06/12/2024 00:01:00  |100    |1000   21    |NA       
 Event 21: 06/27/2024 00:01:00  |100    |1000   21    |NA       
 Event 22: 07/12/2024 00:01:00  |100    |1000   21    |NA       
 Event 23: 07/27/2024 00:01:00  |100    |1000   21    |NA       
 Event 24: 08/11/2024 00:01:00  |100    |1000   21    |NA       

Pump data period: 15 seconds
Available fixative at start of deployment: 198.6

_______________

DEPLOYMENT DATA
_______________

Event   |                        |Start                |Internal |Battery |Volume     |        |Procedure                     
Number  |Procedure               |Time                 |Temp.    |Voltage |Pumped     |Duration|Result                        
        |                        |                     |         |        |           |        |                              
       1|Water Flush             |  09/01/2023 00:01:02|      4.4|    35.5|        100|      61| Volume reached
       1|Sample                  |  09/01/2023 00:02:16|      5.0|    36.3|       1000|     601| Volume reached
        |                        |                     |         |        |           |        |                              
       2|Water Flush             |  09/16/2023 00:01:02|      5.0|    35.0|        100|      61| Volume reached
       2|Sample                  |  09/16/2023 00:02:20|      5.8|    35.7|       1000|     601| Volume reached
        |                        |                     |         |        |           |        |                              
       3|Water Flush             |  10/01/2023 00:01:02|      4.3|    34.4|        100|      61| Volume reached
       3|Sample                  |  10/01/2023 00:02:25|      5.1|    35.3|       1000|     601| Volume reached
        |                        |                     |         |        |           |        |                              
       4|Water Flush             |  10/16/2023 00:01:03|      4.6|    34.1|        100|      61| Volume reached
       4|Sample                  |  10/16/2023 00:02:30|      5.5|    35.0|       1000|     601| Volume reached
        |                        |                     |         |        |           |        |                              
       5|Water Flush             |  10/31/2023 00:01:03|      6.1|    33.9|        100|      61| Volume reached
       5|Sample                  |  10/31/2023 00:02:35|      7.1|    34.7|       1000|     601| Volume reached
        |                        |                     |         |        |           |        |                              
       6|Water Flush             |  11/15/2023 00:01:03|      6.2|    33.6|        100|      61| Volume reached
       6|Sample                  |  11/15/2023 00:02:41|      7.4|    34.5|       1000|     601| Volume reached
        |                        |                     |         |        |           |        |                              
       7|Water Flush             |  11/30/2023 00:01:03|      4.8|    33.3|        100|      61| Volume reached
       7|Sample                  |  11/30/2023 00:02:46|      6.2|    34.1|       1000|     601| Volume reached
        |                        |                     |         |        |           |        |                              
       8|Water Flush             |  12/15/2023 00:01:03|      4.6|    32.9|        100|      61| Volume reached
       8|Sample                  |  12/15/2023 00:02:51|      6.1|    33.9|       1000|     601| Volume reached
        |                        |                     |         |        |           |        |                              
       9|Water Flush             |  12/30/2023 00:01:03|      4.3|    32.6|        100|      61| Volume reached
       9|Sample                  |  12/30/2023 00:02:56|      6.0|    33.6|       1000|     601| Volume reached
        |                        |                     |         |        |           |        |                              
      10|Water Flush             |  01/14/2024 00:01:03|      4.0|    32.5|        100|      61| Volume reached
      10|Sample                  |  01/14/2024 00:03:02|      5.8|    33.3|       1000|     601| Volume reached
        |                        |                     |         |        |           |        |                              
      11|Water Flush             |  01/29/2024 00:01:03|      3.1|    32.2|        100|      61| Volume reached
      11|Sample                  |  01/29/2024 00:03:07|      5.1|    33.0|       1000|     601| Volume reached
        |                        |                     |         |        |           |        |                              
      12|Water Flush             |  02/13/2024 00:01:02|      3.1|    32.0|        100|      61| Volume reached
      12|Sample                  |  02/13/2024 00:03:12|      5.2|    32.8|       1000|     601| Volume reached
        |                        |                     |         |        |           |        |                              
      13|Water Flush             |  02/28/2024 00:01:02|      2.5|    31.9|        100|      61| Volume reached
      13|Sample                  |  02/28/2024 00:03:49|      5.5|    31.5|       1000|     602| Volume reached
        |                        |                     |         |        |           |        |                              
      14|Water Flush             |  03/14/2024 00:01:02|      2.5|    29.2|        101|      62| Volume reached
      14|Sample                  |  03/14/2024 00:03:08|      4.1|    29.6|       1000|     602| Volume reached
        |                        |                     |         |        |           |        |                              
      15|Water Flush             |  03/29/2024 00:01:02|      2.4|    27.9|        101|      62| Volume reached
      15|Sample                  |  03/29/2024 00:03:03|      3.8|    28.9|       1000|     601| Volume reached
        |                        |                     |         |        |           |        |                              
      16|Water Flush             |  04/13/2024 00:01:02|      2.8|    17.5|         25|      17| Low battery

____________

PUMPING DATA
____________


 Pump data period = 15 seconds

  [event#]  [ml/min]    [ml]     [Vbat]    [Av. Cur]    [High Cur]

     1      99.9       23.9      36.5          85           85
     1      99.9       48.9      36.5          86           86
     1     100.3       73.9      36.5          86           86
     1     100.8       98.9      36.5          85           85
     1      99.9      123.9      36.5          85           85
     1      99.9      148.9      36.6          86           86
     1      99.9      173.9      36.5          86           86
     1      99.9      198.9      36.5          86           86
     1     100.3      223.9      36.5          86           86
     1      99.9      248.9      36.5          86           86
     1      99.9      273.9      36.5          86           86
     1      99.5      298.9      36.5          86           86
     1     100.3      324.0      36.5          86           86
     1     100.3      349.0      36.5          86           86
     1      99.9      374.0      36.5          86           86
     1      99.5      399.0      36.5          86           86
     1      99.9      424.0      36.5          87           87
     1     100.3      449.0      36.5          87           87
     1      99.9      474.0      36.4          87           87
     1     100.3      499.0      36.4          87           87
     1      99.9      524.0      36.5          87           87
     1      99.9      549.0      36.4          87           87
     1      99.9      574.0      36.4          86           86
     1      99.5      599.0      36.4          86           86
     1      99.9      624.0      36.4          86           86
     1      99.9      649.0      36.4          86           86
     1      99.5      674.1      36.4          86           86
     1      99.9      699.1      36.4          86           86
     1      99.5      724.1      36.4          86           86
     1      99.9      749.1      36.4          86           86
     1      99.9      774.1      36.4          86           86
     1      99.9      799.1      36.3          86           86
     1     100.3      824.1      36.4          86           86
     1     100.3      849.1      36.4          87           87
     1      99.5      874.1      36.4          87           87
     1     100.3      899.1      36.3          88           88
     1     100.3      924.1      36.4          88           88
     1      99.9      949.1      36.4          88           88
     1      99.9      974.1      36.3          88           88
     1      99.9      999.1      36.3          87           87
     1      99.9      999.1      36.3          87           87
     2     100.3       23.8      35.9          85           85
     2      99.9       48.8      36.0          85           85
     2      99.9       73.8      36.0          85           85
     2      99.9       98.9      36.0          84           84
     2      99.9      123.9      35.9          84           84
     2      99.9      148.9      36.0          84           84
     2     100.3      173.9      36.0          84           84
     2      99.9      198.9      35.9          84           84
     2      99.9      223.9      36.0          83           83
     2      99.5      248.9      36.0          83           83
     2      99.9      273.9      36.0          83           83
     2     100.3      298.9      36.0          83           83
     2      99.9      323.9      35.9          83           83
     2      99.9      348.9      35.9          83           83
     2     100.3      374.0      35.9          84           84
     2      99.9      399.0      35.9          84           84
     2      99.9      424.0      35.9          84           84
     2      99.9      449.0      35.9          84           84
     2     100.3      474.0      35.9          84           84
     2     100.3      499.0      35.9          84           84
     2      99.9      524.0      35.9          84           84
     2     100.3      549.0      35.9          84           84
     2      99.9      574.0      35.9          84           84
     2      99.9      599.0      35.9          84           84
     2      99.9      624.0      35.9          84           84
     2     100.3      649.0      35.9          84           84
     2     100.3      674.0      35.9          84           84
     2      99.9      699.0      35.9          85           85
     2      99.9      724.1      35.9          85           85
     2      99.5      749.1      35.9          84           84
     2      99.9      774.1      35.8          84           84
     2      99.9      799.1      35.9          84           84
     2      99.9      824.1      35.9          84           84
     2      99.9      849.1      35.9          84           84
     2     100.3      874.1      35.8          84           84
     2      99.5      899.1      35.8          84           84
     2      99.9      924.1      35.9          85           85
     2     100.3      949.1      35.9          85           85
     2      99.9      974.1      35.8          85           85
     2      99.9      999.1      35.9          85           85
     2      99.9      999.1      35.9          85           85
     3      99.9       23.8      35.5          82           82
     3     100.3       48.8      35.5          82           82
     3      99.9       73.8      35.5          82           82
     3     100.3       98.8      35.5          83           83
     3      99.9      123.8      35.5          83           83
     3      99.9      148.8      35.5          84           84
     3      99.5      173.8      35.5          84           84
     3      99.9      198.9      35.5          84           84
     3      99.9      223.9      35.5          84           84
     3     100.3      248.9      35.5          84           84
     3      99.9      273.9      35.5          84           84
     3     100.3      298.9      35.5          84           84
     3     100.3      323.9      35.5          84           84
     3     100.3      348.9      35.5          84           84
     3      99.9      373.9      35.5          84           84
     3      99.9      398.9      35.4          84           84
     3      99.9      423.9      35.5          84           84
     3     100.3      448.9      35.5          85           85
     3      99.9      473.9      35.5          85           85
     3      99.9      498.9      35.5          85           85
     3      99.9      523.9      35.5          85           85
     3     100.3      549.0      35.4          85           85
     3      99.5      574.0      35.4          85           85
     3      99.9      599.0      35.4          85           85
     3     100.3      624.0      35.5          85           85
     3      99.9      649.0      35.4          85           85
     3      99.9      674.0      35.4          85           85
     3      99.9      699.0      35.3          85           85
     3      99.9      724.0      35.4          85           85
     3      99.5      749.0      35.5          85           85
     3      99.9      774.0      35.4          85           85
     3      99.5      799.0      35.4          85           85
     3     100.3      824.0      35.4          84           84
     3      99.9      849.0      35.4          84           84
     3      99.9      874.0      35.4          84           84
     3     100.3      899.1      35.4          84           84
     3      99.9      924.1      35.4          84           84
     3      99.9      949.1      35.4          85           85
     3     100.3      974.1      35.3          85           85
     3      99.9      999.1      35.4          85           85
     3      99.9      999.1      35.4          85           85
     4      99.9       23.8      35.2          88           88
     4     100.3       48.8      35.2          86           86
     4     100.3       73.8      35.2          87           87
     4      99.5       98.8      35.2          87           87
     4      99.5      123.8      35.2          87           87
     4      99.9      148.8      35.2          87           87
     4      99.9      173.8      35.1          87           87
     4     100.3      198.8      35.2          88           88
     4     100.3      223.8      35.2          88           88
     4      99.9      248.8      35.2          88           88
     4      99.9      273.8      35.2          88           88
     4      99.9      298.9      35.2          87           87
     4      99.9      323.9      35.2          87           87
     4      99.9      348.9      35.2          87           87
     4      99.9      373.9      35.2          87           87
     4      99.9      398.9      35.2          87           87
     4      99.9      423.9      35.1          87           87
     4      99.9      448.9      35.1          88           88
     4      99.5      473.9      35.1          88           88
     4      99.9      498.9      35.1          88           88
     4      99.5      523.9      35.1          89           89
     4      99.9      548.9      35.1          89           89
     4      99.9      573.9      35.1          89           89
     4      99.9      598.9      35.2          89           89
     4      99.9      624.0      35.1          89           89
     4      99.9      649.0      35.0          89           89
     4      99.9      674.0      35.1          89           89
     4      99.9      699.0      35.1          89           89
     4      99.9      724.0      35.1          89           89
     4      99.9      749.0      35.0          89           89
     4      99.5      774.0      35.1          89           89
     4      99.9      799.0      35.1          89           89
     4      99.9      824.0      35.1          89           89
     4     100.3      849.0      35.1          89           89
     4     100.3      874.0      35.1          89           89
     4     100.3      899.0      35.0          89           89
     4      99.9      924.0      35.1          89           89
     4      99.5      949.0      35.1          89           89
     4      99.9      974.1      35.1          90           90
     4      99.9      999.1      35.0          90           90
     4      99.9      999.1      35.0          90           90
     5      99.9       23.8      34.9          92           92
     5     100.3       48.8      35.0          92           92
     5     100.3       73.8      35.0          93           93
     5     100.3       98.8      35.0          93           93
     5      99.9      123.8      34.9          93           93
     5      99.9      148.8      35.0          93           93
     5     100.3      173.8      34.9          93           93
     5      99.9      198.9      35.0          93           93
     5      99.9      223.9      35.0          94           94
     5     100.3      248.9      35.0          94           94
     5      99.9      273.9      35.0          94           94
     5      99.9      298.9      35.0          94           94
     5     100.3      323.9      35.0          94           94
     5     100.3      348.9      34.9          94           94
     5      99.9      373.9      34.9          94           94
     5      99.5      398.9      34.9          94           94
     5      99.9      423.9      35.0          94           94
     5     100.3      448.9      35.0          94           94
     5      99.9      473.9      34.9          94           94
     5      99.9      498.9      34.9          94           94
     5     100.3      524.0      34.9          94           94
     5      99.9      549.0      34.9          94           94
     5      99.9      574.0      34.9          94           94
     5     100.3      599.0      34.9          94           94
     5      99.9      624.0      34.8          94           94
     5     100.3      649.0      34.8          94           94
     5      99.9      674.0      34.9          94           94
     5      99.9      699.0      34.8          95           95
     5      99.9      724.0      34.9          95           95
     5      99.9      749.0      34.8          95           95
     5      99.9      774.0      34.9          95           95
     5      99.9      799.0      34.9          95           95
     5     100.3      824.0      34.9          95           95
     5     100.3      849.0      34.9          96           96
     5      99.9      874.0      34.9          95           95
     5     100.3      899.1      34.9          96           96
     5      99.9      924.1      34.9          95           95
     5     100.3      949.1      34.8          95           95
     5     100.3      974.1      34.8          95           95
     5      99.9      999.1      34.8          95           95
     5      99.9      999.1      34.8          95           95
     6      99.9       23.7      34.6          85           85
     6      99.9       48.8      34.7          86           86
     6      99.9       73.8      34.6          86           86
     6     100.3       98.8      34.7          86           86
     6      99.9      123.8      34.7          86           86
     6      99.9      148.8      34.7          86           86
     6      99.9      173.8      34.7          86           86
     6      99.9      198.8      34.7          86           86
     6      99.9      223.8      34.7          86           86
     6     100.3      248.9      34.7          86           86
     6     100.3      273.9      34.6          87           87
     6      99.9      298.9      34.7          87           87
     6      99.9      323.9      34.7          86           86
     6      99.9      348.9      34.7          87           87
     6      99.9      373.9      34.7          87           87
     6      99.9      398.9      34.6          87           87
     6      99.9      423.9      34.7          87           87
     6      99.9      448.9      34.6          87           87
     6     100.3      473.9      34.6          87           87
     6     100.3      498.9      34.7          87           87
     6      99.9      523.9      34.7          87           87
     6     100.3      548.9      34.6          87           87
     6     100.3      574.0      34.6          87           87
     6      99.9      599.0      34.7          87           87
     6      99.9      624.0      34.6          87           87
     6     100.3      649.0      34.7          86           86
     6      99.9      674.0      34.6          86           86
     6      99.9      699.0      34.6          87           87
     6      99.9      724.0      34.7          87           87
     6      99.9      749.0      34.6          87           87
     6     100.3      774.0      34.6          88           88
     6     100.3      799.0      34.6          88           88
     6      99.9      824.0      34.6          88           88
     6      99.9      849.0      34.7          88           88
     6     100.3      874.0      34.6          88           88
     6     100.3      899.0      34.6          88           88
     6     100.3      924.0      34.5          87           87
     6      99.9      949.1      34.6          87           87
     6     100.3      974.1      34.6          87           87
     6      99.5      999.1      34.6          87           87
     6      99.5      999.1      34.6          87           87
     7      99.5       23.7      34.3          87           87
     7      99.9       48.7      34.4          87           87
     7      99.9       73.7      34.4          87           87
     7     100.3       98.7      34.4          87           87
     7     100.3      123.7      34.4          86           86
     7      99.9      148.8      34.4          86           86
     7     100.3      173.8      34.4          86           86
     7      99.9      198.8      34.4          86           86
     7      99.5      223.8      34.4          86           86
     7      99.9      248.8      34.4          86           86
     7     100.3      273.8      34.4          86           86
     7      99.9      298.8      34.4          87           87
     7      99.9      323.8      34.4          87           87
     7      99.9      348.8      34.3          87           87
     7      99.9      373.8      34.2          86           86
     7     100.3      398.9      34.4          87           87
     7      99.9      423.9      34.4          87           87
     7      99.9      448.9      34.3          86           86
     7     100.3      473.9      34.4          86           86
     7     100.3      498.9      34.3          87           87
     7      99.9      523.9      34.3          87           87
     7     100.3      548.9      34.3          87           87
     7      99.9      573.9      34.3          87           87
     7      99.9      598.9      34.3          87           87
     7     100.3      623.9      34.3          87           87
     7      99.9      648.9      34.3          87           87
     7      99.9      673.9      34.3          87           87
     7      99.9      698.9      34.3          87           87
     7     100.3      724.0      34.3          87           87
     7      99.9      749.0      34.3          87           87
     7     100.3      774.0      34.2          88           88
     7      99.9      799.0      34.3          88           88
     7      99.9      824.0      34.3          88           88
     7     100.3      849.0      34.2          88           88
     7      99.9      874.0      34.3          88           88
     7      99.9      899.0      34.2          88           88
     7      99.9      924.0      34.3          88           88
     7     100.3      949.0      34.3          88           88
     7      99.9      974.0      34.3          89           89
     7      99.9      999.0      34.2          88           88
     7      99.9      999.0      34.2          88           88
     8      99.9       23.7      34.0          86           86
     8      99.9       48.7      34.1          87           87
     8     100.3       73.7      34.1          87           87
     8      99.9       98.7      34.1          88           88
     8     100.3      123.7      34.1          88           88
     8     100.3      148.7      34.1          88           88
     8     100.3      173.7      34.1          88           88
     8      99.9      198.8      34.0          88           88
     8      99.9      223.8      34.1          88           88
     8     100.3      248.8      34.1          89           89
     8      99.9      273.8      34.1          88           88
     8      99.9      298.8      34.1          89           89
     8     100.3      323.8      34.1          89           89
     8      99.9      348.8      34.0          88           88
     8      99.9      373.8      34.1          89           89
     8     100.3      398.8      34.0          88           88
     8     100.3      423.8      34.1          88           88
     8      99.9      448.8      34.0          89           89
     8     100.3      473.9      34.1          88           88
     8     100.3      498.9      34.1          89           89
     8      99.5      523.9      34.0          89           89
     8     100.3      548.9      33.9          88           88
     8     100.3      573.9      34.1          89           89
     8      99.9      598.9      34.0          89           89
     8      99.9      623.9      34.0          89           89
     8      99.9      648.9      34.0          89           89
     8      99.5      673.9      34.0          89           89
     8      99.9      698.9      34.0          89           89
     8      99.9      723.9      34.0          89           89
     8      99.9      748.9      34.0          89           89
     8      99.5      773.9      34.0          90           90
     8      99.9      799.0      34.0          89           89
     8     100.3      824.0      33.9          89           89
     8      99.9      849.0      34.0          89           89
     8     100.3      874.0      34.0          89           89
     8      99.9      899.0      34.0          89           89
     8      99.9      924.0      33.9          89           89
     8      99.9      949.0      33.9          89           89
     8      99.9      974.0      33.9          90           90
     8     100.3      999.0      34.0          90           90
     8     100.3      999.0      34.0          90           90
     9      99.9       23.6      33.8          92           92
     9      99.9       48.7      33.8          91           91
     9      99.9       73.7      33.8          92           92
     9      99.9       98.7      33.8          91           91
     9      99.9      123.7      33.8          91           91
     9     100.3      148.7      33.8          91           91
     9     100.3      173.7      33.7          91           91
     9     100.3      198.7      33.9          91           91
     9     100.3      223.7      33.8          91           91
     9     100.3      248.8      33.9          91           91
     9      99.9      273.8      33.8          91           91
     9      99.9      298.8      33.8          91           91
     9      99.9      323.8      33.8          91           91
     9      99.9      348.8      33.8          91           91
     9     100.3      373.8      33.8          91           91
     9      99.9      398.8      33.8          91           91
     9      99.5      423.8      33.8          91           91
     9     100.3      448.8      33.8          91           91
     9      99.9      473.8      33.8          91           91
     9      99.9      498.8      33.7          91           91
     9      99.9      523.9      33.8          91           91
     9      99.9      548.9      33.8          92           92
     9      99.9      573.9      33.7          92           92
     9      99.9      598.9      33.8          92           92
     9      99.9      623.9      33.8          92           92
     9      99.9      648.9      33.7          93           93
     9      99.9      673.9      33.8          93           93
     9      99.9      698.9      33.8          93           93
     9      99.9      723.9      33.7          93           93
     9      99.5      748.9      33.8          93           93
     9      99.9      773.9      33.8          93           93
     9      99.9      798.9      33.7          93           93
     9      99.9      823.9      33.7          93           93
     9      99.9      848.9      33.7          93           93
     9      99.9      874.0      33.7          93           93
     9      99.9      899.0      33.7          93           93
     9      99.9      924.0      33.7          93           93
     9      99.9      949.0      33.7          93           93
     9      99.9      974.0      33.7          93           93
     9     100.3      999.0      33.6          93           93
     9     100.3      999.0      33.6          93           93
    10     100.3       23.6      33.5          91           91
    10     100.3       48.6      33.5          91           91
    10      99.9       73.7      33.6          92           92
    10     100.3       98.7      33.4          91           91
    10      99.9      123.7      33.5          91           91
    10      99.9      148.7      33.6          91           91
    10      99.9      173.7      33.5          91           91
    10      99.9      198.7      33.5          91           91
    10      99.9      223.7      33.6          91           91
    10      99.9      248.7      33.5          91           91
    10     100.3      273.7      33.5          91           91
    10      99.9      298.8      33.5          91           91
    10     100.3      323.8      33.6          92           92
    10      99.9      348.8      33.5          92           92
    10      99.9      373.8      33.5          92           92
    10     100.3      398.8      33.6          92           92
    10     100.8      423.8      33.5          92           92
    10      99.9      448.8      33.5          92           92
    10      99.9      473.8      33.5          92           92
    10     100.3      498.8      33.5          91           91
    10      99.9      523.8      33.4          91           91
    10      99.9      548.8      33.5          91           91
    10     100.3      573.8      33.5          91           91
    10      99.9      598.9      33.5          91           91
    10     100.3      623.9      33.4          91           91
    10     100.3      648.9      33.5          91           91
    10      99.9      673.9      33.5          91           91
    10     100.3      698.9      33.5          91           91
    10      99.9      723.9      33.5          91           91
    10     100.3      748.9      33.5          92           92
    10     100.3      773.9      33.4          92           92
    10      99.9      798.9      33.4          92           92
    10      99.9      823.9      33.4          92           92
    10      99.5      848.9      33.4          92           92
    10      99.9      873.9      33.4          92           92
    10      99.9      898.9      33.5          91           91
    10      99.9      923.9      33.4          92           92
    10     100.3      949.0      33.4          92           92
    10      99.9      974.0      33.4          92           92
    10      99.9      999.0      33.4          92           92
    10      99.9      999.0      33.4          92           92
    11     100.3       23.6      33.2          95           95
    11      99.9       48.6      33.3          96           96
    11      99.5       73.6      33.3          96           96
    11      99.9       98.6      33.3          97           97
    11      99.9      123.6      33.2          97           97
    11     100.3      148.7      33.3          97           97
    11      99.9      173.7      33.1          97           97
    11      99.9      198.7      33.3          97           97
    11      99.9      223.7      33.3          97           97
    11     100.3      248.7      33.3          97           97
    11     100.3      273.7      33.2          97           97
    11     100.3      298.7      33.3          97           97
    11     100.3      323.7      33.2          97           97
    11      99.9      348.7      33.3          97           97
    11      99.9      373.7      33.2          97           97
    11      99.5      398.7      33.2          97           97
    11     100.3      423.8      33.2          97           97
    11     100.3      448.8      33.2          97           97
    11      99.9      473.8      33.3          97           97
    11      99.9      498.8      33.2          97           97
    11     100.3      523.8      33.2          97           97
    11      99.9      548.8      33.2          97           97
    11     100.3      573.8      33.2          97           97
    11      99.5      598.8      33.2          97           97
    11     100.3      623.8      33.2          97           97
    11      99.9      648.8      33.2          97           97
    11      99.9      673.8      33.2          98           98
    11      99.9      698.9      33.2          98           98
    11      99.5      723.9      33.2          98           98
    11      99.9      748.9      33.2          98           98
    11     100.3      773.9      33.2          98           98
    11      99.9      798.9      33.2          97           97
    11      99.9      823.9      33.1          97           97
    11     100.3      848.9      33.1          97           97
    11      99.9      873.9      33.1          97           97
    11      99.9      898.9      33.1          97           97
    11     100.3      923.9      33.1          97           97
    11      99.9      948.9      33.1          97           97
    11      99.9      973.9      33.1          97           97
    11     100.3      998.9      33.1          97           97
    11     100.3      998.9      33.1          97           97
    12      99.9       23.6      33.0          91           91
    12     100.3       48.6      33.0          93           93
    12      99.9       73.6      33.0          92           92
    12      99.9       98.6      33.0          92           92
    12      99.9      123.6      33.0          92           92
    12     100.3      148.6      33.0          92           92
    12     100.3      173.6      32.9          92           92
    12     100.3      198.7      33.0          92           92
    12     100.3      223.7      33.0          92           92
    12     100.3      248.7      32.9          92           92
    12      99.5      273.7      33.0          92           92
    12      99.9      298.7      33.0          91           91
    12     100.3      323.7      33.0          91           91
    12      99.9      348.7      33.0          92           92
    12      99.9      373.7      33.0          91           91
    12     100.3      398.7      33.0          92           92
    12     100.3      423.7      33.0          92           92
    12      99.5      448.7      33.0          92           92
    12     100.3      473.8      33.0          92           92
    12     100.3      498.8      33.0          92           92
    12      99.9      523.8      33.0          92           92
    12      99.9      548.8      33.0          92           92
    12     100.3      573.8      33.0          92           92
    12      99.9      598.8      33.0          92           92
    12      99.5      623.8      33.0          92           92
    12      99.9      648.8      33.0          92           92
    12      99.9      673.8      33.0          92           92
    12      99.9      698.8      33.0          92           92
    12     100.3      723.8      33.0          93           93
    12      99.9      748.9      32.9          93           93
    12      99.5      773.9      33.0          93           93
    12      99.9      798.9      32.9          93           93
    12      99.9      823.9      32.9          93           93
    12      99.9      848.9      32.9          93           93
    12      99.9      873.9      32.9          93           93
    12      99.9      898.9      32.9          93           93
    12      99.9      923.9      32.9          93           93
    12      99.9      948.9      32.9          93           93
    12      99.9      973.9      32.9          93           93
    12      99.5      998.9      32.8          93           93
    12      99.5      998.9      32.8          93           93
    13     100.3       23.5      32.3          95           95
    13      99.9       48.5      32.4          96           96
    13      99.9       73.5      32.4          96           96
    13      99.9       98.5      32.3          95           95
    13      99.9      123.6      32.4          96           96
    13     100.3      148.6      32.3          96           96
    13      99.9      173.6      32.3          96           96
    13      99.9      198.6      32.3          96           96
    13     100.3      223.6      32.3          96           96
    13     100.3      248.6      32.3          96           96
    13      99.9      273.6      32.3          96           96
    13     100.3      298.6      32.3          96           96
    13     100.3      323.6      32.4          96           96
    13     100.3      348.7      32.3          96           96
    13     100.3      373.7      32.3          96           96
    13      99.9      398.7      32.5          96           96
    13      99.9      423.7      32.3          96           96
    13     100.3      448.7      32.4          96           96
    13      99.9      473.7      32.4          96           96
    13     100.3      498.7      32.3          96           96
    13     100.3      523.7      32.4          96           96
    13     100.3      548.7      32.3          96           96
    13      99.9      573.7      32.3          97           97
    13     100.3      598.7      32.1          97           97
    13      99.5      623.7      32.0          97           97
    13      99.5      648.7      31.7          97           97
    13      99.9      673.8      32.3          97           97
    13      99.9      698.8      32.3          97           97
    13     100.3      723.7      31.7          97           97
    13      99.9      748.8      32.1          97           97
    13      99.9      773.8      32.1          97           97
    13      99.9      798.8      32.2          97           97
    13      99.9      823.8      32.2          97           97
    13      99.9      848.8      32.1          97           97
    13     100.3      873.8      32.0          97           97
    13     100.3      898.8      32.1          96           96
    13      99.9      923.8      32.2          97           97
    13      99.9      948.9      32.1          97           97
    13      99.5      973.9      32.2          97           97
    13     100.3      998.9      32.2          98           98
    13     100.3      998.9      32.2          98           98
    14      99.5       23.4      31.8          89           89
    14      99.9       48.5      31.9          89           89
    14      99.9       73.5      31.7          89           89
    14      99.9       98.4      31.2          90           90
    14     100.3      123.4      31.1          90           90
    14      99.9      148.4      31.0          90           90
    14      99.9      173.5      31.1          91           91
    14     100.3      198.5      31.1          91           91
    14      99.9      223.5      31.1          92           92
    14     100.3      248.5      31.1          92           92
    14      99.9      273.5      31.1          92           92
    14      99.5      298.5      31.1          92           92
    14      99.9      323.5      31.0          92           92
    14      99.9      348.6      31.2          92           92
    14      99.9      373.6      31.1          92           92
    14     100.3      398.6      31.2          92           92
    14      99.5      423.6      31.2          92           92
    14     100.3      448.6      31.1          92           92
    14     100.3      473.6      31.0          92           92
    14      99.9      498.6      31.1          92           92
    14     100.3      523.6      31.2          92           92
    14     100.3      548.6      31.2          92           92
    14     100.3      573.7      31.2          91           91
    14      99.9      598.7      31.3          91           91
    14     100.3      623.7      31.4          91           91
    14     100.3      648.7      31.4          91           91
    14      99.5      673.7      31.3          91           91
    14      99.9      698.7      31.1          91           91
    14     100.3      723.7      31.0          91           91
    14      99.9      748.7      31.0          91           91
    14      99.9      773.7      30.9          91           91
    14      99.9      798.7      30.7          91           91
    14      99.5      823.7      30.3          91           91
    14      99.9      848.6      30.0          91           91
    14      99.9      873.6      30.1          92           92
    14      99.5      898.6      30.0          92           92
    14     101.6      923.7      31.1          92           92
    14     100.3      948.8      31.0          93           93
    14      99.9      973.8      31.0          93           93
    14      99.9      998.8      31.3          93           93
    14      99.9      998.8      31.3          93           93
    15      99.9       23.4      31.3          94           94
    15     100.3       48.4      31.4          94           94
    15      99.9       73.4      31.6          94           94
    15      99.9       98.5      31.5          94           94
    15      99.9      123.5      31.5          94           94
    15      99.5      148.5      31.5          94           94
    15      99.9      173.5      31.5          94           94
    15      99.9      198.5      31.4          95           95
    15      99.9      223.5      31.4          95           95
    15      99.9      248.5      31.3          95           95
    15      99.9      273.5      31.3          95           95
    15      99.9      298.5      31.2          95           95
    15      99.9      323.5      31.3          95           95
    15     100.3      348.6      31.2          95           95
    15      99.9      373.6      31.3          95           95
    15      99.9      398.6      31.2          95           95
    15      99.9      423.6      31.3          95           95
    15      99.9      448.6      31.3          95           95
    15      99.5      473.6      31.1          95           95
    15      99.9      498.6      31.2          95           95
    15      99.9      523.6      31.2          95           95
    15     100.3      548.6      31.1          95           95
    15      99.9      573.6      31.1          95           95
    15      99.9      598.6      30.8          95           95
    15      99.9      623.6      30.7          95           95
    15     100.3      648.6      30.8          95           95
    15      99.5      673.6      30.7          96           96
    15      99.9      698.6      30.5          96           96
    15      99.9      723.6      30.3          96           96
    15      99.9      748.6      30.5          96           96
    15      99.9      773.6      30.5          96           96
    15      99.9      798.7      30.4          97           97
    15      99.9      823.7      30.5          97           97
    15     100.3      848.7      30.4          97           97
    15      99.5      873.6      30.0          97           97
    15      99.9      898.6      29.4          97           97
    15      99.5      923.6      29.4          97           97
    15      99.9      948.6      29.3          98           98
    15     100.3      973.7      30.4          98           98
    15      99.9      998.7      30.7          98           98
    15      99.9      998.7      30.7          98           98

End of instrument data file.


Terminate file logging operation now
and press any key to continue.
