

________________________________________________________________
Configuration: WTS-125M-FV               CF2 V2_11 of Jun  3 2021

               McLane Research Laboratories, Inc.
                     Water Transfer System
                           ML15043-03
               _________________________________
                           Main Menu
               _________________________________
                   Tue Aug  5 17:48:56 2025

                            Port 00

          <1> Set Time          <5> Create Schedule
          <2> Diagnostics       <6> Deploy System
          <3> Manual Operation  <7> Offload Data
          <4> Sleep             <8> Contact McLane
          <C> Configure

                Selection [] ? 7

________________________________________________________________
Configuration: WTS-125M-FV               CF2 V2_11 of Jun  3 2021

               _________________________________
                   Offload/Display Data File
               _________________________________
                   Tue Aug  5 17:49:01 2025

          <1> Display ALL data
          <2> Display event summary data
          <3> Display pump data
          <4> EEPROM data backup cache
          <M> Main Menu

          Selection [] ? 1

 Start the capture file now.
  
 Then, press any key to start the transfer.  The data
 file will remain in memory and is not erased by this
 offload procedure.


 Software version:  WTS-2_11
 Compiled:          Jun  3 2021 08:05:03
 Electronics S/N:   ML15043-03

 Data start:        08/17/2024 07:36:36
 Data stop:         03/30/2025 00:02:53

______

HEADER
______


 Superior WM
 August 2024
...

________________

EVENT PARAMETERS
________________


                                |Flush  |Sample Time  
                                |Vol    |Vol    Limit 

 Event  1: 08/18/2024 00:00:01  |100    |1000   21    |NA       
 Event  2: 09/01/2024 00:00:01  |100    |1000   21    |NA       
 Event  3: 09/15/2024 00:00:01  |100    |1000   21    |NA       
 Event  4: 09/29/2024 00:00:01  |100    |1000   21    |NA       
 Event  5: 10/13/2024 00:00:01  |100    |1000   21    |NA       
 Event  6: 10/27/2024 00:00:01  |100    |1000   21    |NA       
 Event  7: 11/10/2024 00:00:01  |100    |1000   21    |NA       
 Event  8: 11/24/2024 00:00:01  |100    |1000   21    |NA       
 Event  9: 12/08/2024 00:00:01  |100    |1000   21    |NA       
 Event 10: 12/22/2024 00:00:01  |100    |1000   21    |NA       
 Event 11: 01/05/2025 00:00:01  |100    |1000   21    |NA       
 Event 12: 01/19/2025 00:00:01  |100    |1000   21    |NA       
 Event 13: 02/02/2025 00:00:01  |100    |1000   21    |NA       
 Event 14: 02/16/2025 00:00:01  |100    |1000   21    |NA       
 Event 15: 03/02/2025 00:00:01  |100    |1000   21    |NA       
 Event 16: 03/16/2025 00:00:01  |100    |1000   21    |NA       
 Event 17: 03/30/2025 00:00:01  |100    |1000   21    |NA       
 Event 18: 04/13/2025 00:00:01  |100    |1000   21    |NA       
 Event 19: 04/27/2025 00:00:01  |100    |1000   21    |NA       
 Event 20: 05/11/2025 00:00:01  |100    |1000   21    |NA       
 Event 21: 05/25/2025 00:00:01  |100    |1000   21    |NA       
 Event 22: 06/08/2025 00:00:01  |100    |1000   21    |NA       
 Event 23: 06/22/2025 00:00:01  |100    |1000   21    |NA       
 Event 24: 07/06/2025 00:00:01  |100    |1000   21    |NA       

Pump data period: 15 seconds
Available fixative at start of deployment: 198.6

_______________

DEPLOYMENT DATA
_______________

Event   |                        |Start                |Internal |Battery |Volume     |        |Procedure                     
Number  |Procedure               |Time                 |Temp.    |Voltage |Pumped     |Duration|Result                        
        |                        |                     |         |        |           |        |                              
       1|Water Flush             |  08/18/2024 00:00:02|      4.8|    35.7|        100|      61| Volume reached
       1|Sample                  |  08/18/2024 00:01:15|      5.5|    36.3|       1000|     601| Volume reached
        |                        |                     |         |        |           |        |                              
       2|Water Flush             |  09/01/2024 00:00:02|      4.8|    35.0|        100|      61| Volume reached
       2|Sample                  |  09/01/2024 00:01:20|      5.5|    35.7|       1000|     601| Volume reached
        |                        |                     |         |        |           |        |                              
       3|Water Flush             |  09/15/2024 00:00:02|      5.8|    34.6|        100|      61| Volume reached
       3|Sample                  |  09/15/2024 00:01:25|      6.6|    35.4|       1000|     601| Volume reached
        |                        |                     |         |        |           |        |                              
       4|Water Flush             |  09/29/2024 00:00:02|      4.7|    34.2|        100|      61| Volume reached
       4|Sample                  |  09/29/2024 00:01:30|      5.7|    35.0|       1000|     602| Volume reached
        |                        |                     |         |        |           |        |                              
       5|Water Flush             |  10/13/2024 00:00:02|      5.5|    33.8|        100|      61| Volume reached
       5|Sample                  |  10/13/2024 00:01:35|      6.6|    34.7|       1000|     601| Volume reached
        |                        |                     |         |        |           |        |                              
       6|Water Flush             |  10/27/2024 00:00:02|      6.2|    33.7|        100|      61| Volume reached
       6|Sample                  |  10/27/2024 00:01:41|      7.4|    34.5|       1000|     601| Volume reached
        |                        |                     |         |        |           |        |                              
       7|Water Flush             |  11/10/2024 00:00:02|      7.7|    33.5|        100|      61| Volume reached
       7|Sample                  |  11/10/2024 00:01:46|      9.1|    34.3|       1000|     601| Volume reached
        |                        |                     |         |        |           |        |                              
       8|Water Flush             |  11/24/2024 00:00:02|      6.1|    33.0|        100|      61| Volume reached
       8|Sample                  |  11/24/2024 00:01:51|      7.5|    33.9|       1000|     602| Volume reached
        |                        |                     |         |        |           |        |                              
       9|Water Flush             |  12/08/2024 00:00:02|      5.0|    32.6|        100|      61| Volume reached
       9|Sample                  |  12/08/2024 00:01:56|      6.7|    33.7|       1000|     601| Volume reached
        |                        |                     |         |        |           |        |                              
      10|Water Flush             |  12/22/2024 00:00:02|      4.8|    32.5|        100|      61| Volume reached
      10|Sample                  |  12/22/2024 00:02:01|      6.6|    33.4|       1000|     601| Volume reached
        |                        |                     |         |        |           |        |                              
      11|Water Flush             |  01/05/2025 00:00:02|      4.4|    32.3|        100|      61| Volume reached
      11|Sample                  |  01/05/2025 00:02:07|      6.3|    33.2|       1000|     601| Volume reached
        |                        |                     |         |        |           |        |                              
      12|Water Flush             |  01/19/2025 00:00:02|      3.8|    30.3|        100|      61| Volume reached
      12|Sample                  |  01/19/2025 00:02:12|      5.9|    31.9|       1000|     601| Volume reached
        |                        |                     |         |        |           |        |                              
      13|Water Flush             |  02/02/2025 00:00:02|      3.3|    29.7|        100|      61| Volume reached
      13|Sample                  |  02/02/2025 00:02:13|      5.2|    32.5|       1000|     601| Volume reached
        |                        |                     |         |        |           |        |                              
      14|Water Flush             |  02/16/2025 00:00:02|      2.2|    29.3|        100|      61| Volume reached
      14|Sample                  |  02/16/2025 00:02:08|      4.0|    32.2|       1000|     601| Volume reached
        |                        |                     |         |        |           |        |                              
      15|Water Flush             |  03/02/2025 00:00:02|      1.8|    29.5|        101|      62| Volume reached
      15|Sample                  |  03/02/2025 00:02:03|      3.4|    31.9|       1000|     602| Volume reached
        |                        |                     |         |        |           |        |                              
      16|Water Flush             |  03/16/2025 00:00:02|      1.6|    30.2|        101|      62| Volume reached
      16|Sample                  |  03/16/2025 00:01:58|      3.1|    31.6|       1000|     601| Volume reached
        |                        |                     |         |        |           |        |                              
      17|Water Flush             |  03/30/2025 00:00:02|      1.8|    31.2|        100|      61| Volume reached

____________

PUMPING DATA
____________


 Pump data period = 15 seconds

  [event#]  [ml/min]    [ml]     [Vbat]    [Av. Cur]    [High Cur]

     1      99.9       23.9      36.6          84           84
     1     100.3       48.9      36.6          86           86
     1     100.3       73.9      36.6          85           85
     1      99.9       98.9      36.6          86           86
     1      99.9      123.9      36.6          86           86
     1      99.9      148.9      36.5          86           86
     1      99.9      173.9      36.6          86           86
     1      99.5      198.9      36.6          86           86
     1      99.9      223.9      36.6          86           86
     1      99.9      248.9      36.6          86           86
     1      99.9      273.9      36.6          86           86
     1      99.9      299.0      36.5          85           85
     1      99.9      324.0      36.6          85           85
     1     100.3      349.0      36.5          86           86
     1      99.9      374.0      36.5          86           86
     1      99.9      399.0      36.5          86           86
     1      99.9      424.0      36.5          86           86
     1     100.3      449.0      36.5          86           86
     1     100.3      474.0      36.5          86           86
     1      99.9      499.0      36.5          86           86
     1      99.9      524.0      36.5          86           86
     1     100.3      549.0      36.4          86           86
     1     100.3      574.0      36.5          86           86
     1     100.3      599.0      36.5          86           86
     1     100.3      624.0      36.5          86           86
     1      99.9      649.1      36.5          86           86
     1     100.3      674.1      36.5          86           86
     1      99.9      699.1      36.5          86           86
     1      99.9      724.1      36.5          86           86
     1      99.9      749.1      36.5          87           87
     1      99.9      774.1      36.4          87           87
     1     100.3      799.1      36.4          87           87
     1      99.9      824.1      36.4          87           87
     1     100.3      849.1      36.4          86           86
     1     100.3      874.1      36.4          86           86
     1      99.9      899.1      36.5          86           86
     1      99.5      924.1      36.4          86           86
     1      99.5      949.1      36.3          86           86
     1      99.9      974.1      36.4          86           86
     1     100.3      999.1      36.4          86           86
     1     100.3      999.1      36.4          86           86
     2     100.3       23.8      36.0          92           92
     2     100.3       48.8      36.0          92           92
     2      99.9       73.8      36.0          92           92
     2      99.9       98.8      36.0          92           92
     2      99.9      123.8      36.0          92           92
     2      99.9      148.9      36.0          92           92
     2      99.9      173.9      35.9          92           92
     2      99.5      198.9      36.0          93           93
     2      99.9      223.9      36.0          93           93
     2      99.9      248.9      36.0          93           93
     2      99.5      273.9      36.0          93           93
     2      99.9      298.9      35.9          93           93
     2     100.3      323.9      36.0          93           93
     2      99.9      348.9      36.0          93           93
     2      99.9      373.9      35.9          93           93
     2     100.3      398.9      36.0          93           93
     2      99.9      424.0      36.0          93           93
     2     100.3      449.0      35.9          93           93
     2      99.5      474.0      35.9          93           93
     2      99.9      499.0      35.9          93           93
     2      99.5      524.0      36.0          93           93
     2      99.9      549.0      36.0          93           93
     2      99.9      574.0      35.9          93           93
     2      99.9      599.0      35.9          93           93
     2      99.9      624.0      35.9          93           93
     2     100.3      649.0      35.9          93           93
     2     100.8      674.0      35.9          93           93
     2     100.3      699.0      35.9          93           93
     2      99.9      724.0      35.9          93           93
     2     100.3      749.0      35.9          93           93
     2     100.3      774.0      35.9          93           93
     2      99.9      799.0      35.9          93           93
     2      99.9      824.1      35.9          93           93
     2      99.9      849.1      35.9          94           94
     2     100.3      874.1      35.9          93           93
     2     100.3      899.1      35.8          94           94
     2     100.3      924.1      35.8          94           94
     2      99.9      949.1      35.8          94           94
     2      99.9      974.1      35.8          94           94
     2     100.3      999.1      35.8          94           94
     2     100.3      999.1      35.8          94           94
     3      99.9       23.8      35.5          90           90
     3      99.9       48.8      35.6          91           91
     3     100.3       73.8      35.6          91           91
     3      99.9       98.8      35.6          92           92
     3      99.9      123.8      35.6          92           92
     3      99.9      148.8      35.6          92           92
     3     100.3      173.9      35.6          92           92
     3      99.5      198.9      35.6          92           92
     3      99.9      223.9      35.6          93           93
     3      99.9      248.9      35.6          93           93
     3     100.3      273.9      35.6          93           93
     3      99.9      298.9      35.5          93           93
     3     100.3      323.9      35.6          93           93
     3      99.9      348.9      35.6          94           94
     3      99.9      373.9      35.6          94           94
     3     100.3      398.9      35.5          94           94
     3     100.3      423.9      35.6          94           94
     3      99.9      448.9      35.6          94           94
     3     100.3      474.0      35.6          94           94
     3      99.9      499.0      35.6          93           93
     3      99.9      524.0      35.5          94           94
     3      99.9      549.0      35.6          94           94
     3      99.9      574.0      35.6          94           94
     3     100.3      599.0      35.6          94           94
     3     100.3      624.0      35.6          94           94
     3      99.9      649.0      35.5          93           93
     3      99.9      674.0      35.5          94           94
     3      99.9      699.0      35.5          93           93
     3     100.3      724.0      35.5          94           94
     3      99.9      749.0      35.5          94           94
     3     100.3      774.0      35.5          94           94
     3      99.5      799.0      35.5          94           94
     3      99.9      824.1      35.5          94           94
     3     100.3      849.1      35.5          94           94
     3      99.9      874.1      35.4          94           94
     3     100.3      899.1      35.5          93           93
     3     100.3      924.1      35.5          93           93
     3      99.9      949.1      35.5          93           93
     3      99.9      974.1      35.5          93           93
     3      99.9      999.1      35.5          93           93
     3      99.9      999.1      35.5          93           93
     4      99.9       23.7      35.1          87           87
     4      99.9       48.8      35.1          86           86
     4      99.9       73.8      35.2          87           87
     4      99.9       98.8      35.1          87           87
     4      99.9      123.8      35.2          87           87
     4     100.3      148.8      35.2          87           87
     4     100.3      173.8      35.2          87           87
     4      99.9      198.8      35.2          88           88
     4      99.9      223.8      35.2          88           88
     4      99.9      248.8      35.2          88           88
     4     100.3      273.8      35.2          88           88
     4      99.9      298.9      35.2          88           88
     4      99.9      323.9      35.1          89           89
     4     100.3      348.9      35.1          89           89
     4      99.9      373.9      35.2          89           89
     4      99.9      398.9      35.2          89           89
     4     100.3      423.9      35.2          89           89
     4     100.3      448.9      35.1          90           90
     4     100.3      473.9      35.2          90           90
     4     100.3      498.9      35.1          90           90
     4     100.3      523.9      35.2          90           90
     4     100.3      548.9      35.1          90           90
     4     100.3      573.9      35.1          90           90
     4      99.9      598.9      35.1          90           90
     4      99.9      623.9      35.1          90           90
     4      99.9      648.9      35.1          90           90
     4      99.9      674.0      35.0          90           90
     4      99.9      698.9      35.1          90           90
     4      99.9      724.0      35.1          91           91
     4     101.2      748.9      35.1          91           91
     4      99.5      774.0      35.1          92           92
     4     100.3      798.9      35.0          92           92
     4      99.9      824.0      35.1          92           92
     4      99.9      849.0      35.1          92           92
     4      99.9      874.0      35.1          92           92
     4     100.3      899.0      35.1          91           91
     4      99.9      924.0      35.1          91           91
     4     100.3      949.0      35.1          91           91
     4      99.9      974.0      35.1          91           91
     4     100.3      999.1      35.1          91           91
     4     100.3      999.1      35.1          91           91
     5      99.9       23.7      34.9          98           98
     5      99.9       48.7      34.9          98           98
     5      99.9       73.7      35.0          97           97
     5     100.3       98.8      34.9          98           98
     5      99.9      123.8      34.9          98           98
     5     100.3      148.8      35.0          98           98
     5      99.5      173.8      34.9          98           98
     5      99.9      198.8      34.9          98           98
     5     100.3      223.8      34.9          98           98
     5      99.9      248.8      34.9          98           98
     5      99.9      273.8      34.9          98           98
     5      99.9      298.8      34.9          98           98
     5     100.3      323.8      34.9          98           98
     5      99.9      348.9      34.9          98           98
     5      99.9      373.9      34.9          98           98
     5     100.3      398.9      34.8          98           98
     5      99.9      423.9      34.9          98           98
     5     100.3      448.9      34.9          97           97
     5      99.9      473.9      34.9          97           97
     5     100.3      498.9      34.9          97           97
     5     100.3      523.9      34.9          97           97
     5      99.9      548.9      34.9          97           97
     5      99.9      573.9      34.9          97           97
     5     100.3      598.9      34.9          97           97
     5      99.9      623.9      34.9          97           97
     5      99.9      648.9      34.9          98           98
     5      99.9      674.0      34.9          98           98
     5      99.5      699.0      34.8          98           98
     5      99.9      724.0      34.9          98           98
     5     100.3      749.0      34.8          98           98
     5      99.9      774.0      34.9          99           99
     5      99.9      799.0      34.8          99           99
     5      99.9      824.0      34.8          98           98
     5      99.9      849.0      34.8          99           99
     5      99.9      874.0      34.8          99           99
     5      99.5      899.0      34.8          99           99
     5     100.3      924.0      34.8          99           99
     5      99.9      949.0      34.8          99           99
     5      99.9      974.0      34.8          99           99
     5      99.9      999.1      34.7          99           99
     5      99.9      999.1      34.7          99           99
     6     100.3       23.7      34.6          86           86
     6      99.9       48.7      34.7          88           88
     6      99.9       73.7      34.7          87           87
     6     100.3       98.8      34.7          87           87
     6     100.3      123.8      34.6          87           87
     6      99.9      148.8      34.7          87           87
     6      99.9      173.8      34.7          87           87
     6      99.9      198.8      34.7          88           88
     6      99.9      223.8      34.7          88           88
     6      99.9      248.8      34.7          88           88
     6     100.3      273.8      34.6          89           89
     6      99.9      298.8      34.7          89           89
     6     100.3      323.9      34.6          89           89
     6      99.9      348.9      34.7          88           88
     6     100.3      373.9      34.7          88           88
     6     100.3      398.9      34.7          88           88
     6      99.9      423.9      34.7          88           88
     6      99.9      448.9      34.6          88           88
     6      99.9      473.9      34.7          88           88
     6      99.9      498.9      34.7          88           88
     6      99.9      523.9      34.7          88           88
     6      99.9      548.9      34.7          88           88
     6     100.3      573.9      34.6          88           88
     6     100.3      598.9      34.6          88           88
     6      99.5      623.9      34.6          89           89
     6     100.3      649.0      34.6          89           89
     6     100.3      674.0      34.6          88           88
     6     100.3      699.0      34.6          89           89
     6      99.5      724.0      34.6          88           88
     6      99.9      749.0      34.6          89           89
     6      99.9      774.0      34.6          89           89
     6      99.9      799.0      34.6          89           89
     6      99.9      824.0      34.6          89           89
     6      99.9      849.0      34.6          89           89
     6     100.3      874.0      34.6          89           89
     6      99.9      899.0      34.6          89           89
     6      99.9      924.0      34.6          89           89
     6      99.9      949.0      34.6          89           89
     6     100.3      974.0      34.5          90           90
     6      99.9      999.0      34.6          90           90
     6      99.9      999.0      34.6          90           90
     7     100.3       23.7      34.4          87           87
     7     100.3       48.8      34.5          86           86
     7     100.3       73.8      34.5          86           86
     7      99.9       98.8      34.4          86           86
     7      99.9      123.8      34.5          86           86
     7      99.9      148.8      34.5          86           86
     7     100.3      173.8      34.5          86           86
     7     100.3      198.8      34.5          86           86
     7     100.3      223.8      34.5          87           87
     7     100.3      248.8      34.4          87           87
     7      99.9      273.8      34.5          87           87
     7      99.9      298.9      34.5          87           87
     7     100.3      323.9      34.5          87           87
     7     100.3      348.9      34.5          87           87
     7     100.3      373.9      34.5          87           87
     7     100.3      398.9      34.5          87           87
     7      99.9      423.9      34.4          87           87
     7      99.9      448.9      34.5          87           87
     7     100.3      473.9      34.5          87           87
     7      99.9      498.9      34.5          88           88
     7      99.9      523.9      34.5          88           88
     7      99.9      548.9      34.5          88           88
     7      99.9      573.9      34.4          88           88
     7      99.9      598.9      34.5          88           88
     7      99.9      624.0      34.5          88           88
     7      99.9      649.0      34.4          88           88
     7      99.5      674.0      34.5          88           88
     7     100.3      699.0      34.5          88           88
     7     100.3      724.0      34.5          89           89
     7      99.5      749.0      34.4          89           89
     7      99.9      774.0      34.4          89           89
     7      99.9      799.0      34.4          89           89
     7      99.9      824.0      34.4          89           89
     7      99.9      849.0      34.4          88           88
     7      99.9      874.0      34.4          88           88
     7     100.3      899.0      34.4          88           88
     7      99.9      924.0      34.4          88           88
     7     100.3      949.0      34.4          88           88
     7     100.3      974.0      34.4          88           88
     7      99.9      999.0      34.4          89           89
     7      99.9      999.0      34.4          89           89
     8      99.9       23.7      34.2          86           86
     8     100.3       48.7      34.2          84           84
     8      99.9       73.7      34.2          84           84
     8      99.9       98.7      34.2          84           84
     8      99.9      123.7      34.2          84           84
     8      99.5      148.7      34.2          84           84
     8      99.9      173.7      34.2          84           84
     8     100.3      198.8      34.2          85           85
     8     100.3      223.8      34.2          85           85
     8     100.3      248.8      34.2          85           85
     8     100.3      273.8      34.2          85           85
     8      99.9      298.8      34.2          85           85
     8      99.9      323.8      34.1          86           86
     8      99.9      348.8      34.2          85           85
     8     100.3      373.8      34.2          85           85
     8      99.9      398.8      34.2          85           85
     8     100.3      423.8      34.1          85           85
     8      99.9      448.8      34.2          86           86
     8     100.3      473.9      34.1          86           86
     8      99.9      498.9      34.2          86           86
     8     100.3      523.9      34.2          86           86
     8      99.9      548.9      34.2          86           86
     8      99.9      573.9      34.2          86           86
     8      99.9      598.9      34.1          86           86
     8      99.9      623.9      34.1          86           86
     8     100.3      648.9      34.1          86           86
     8      99.9      673.9      34.1          87           87
     8      99.9      698.9      34.1          87           87
     8      99.9      723.9      34.1          87           87
     8      99.9      748.9      34.1          87           87
     8      99.9      773.9      34.1          87           87
     8      99.9      798.9      34.0          87           87
     8      99.9      823.9      34.1          87           87
     8     100.3      849.0      34.1          88           88
     8     100.3      874.0      34.1          88           88
     8     100.3      899.0      34.0          88           88
     8      99.9      924.0      34.1          88           88
     8     100.3      949.0      34.1          88           88
     8      99.9      974.0      34.1          88           88
     8     100.3      999.0      34.1          88           88
     8     100.3      999.0      34.1          88           88
     9      99.9       23.6      33.8          94           94
     9     100.3       48.6      33.9          95           95
     9      99.9       73.6      33.9          95           95
     9     100.3       98.7      33.9          94           94
     9      99.9      123.7      33.8          94           94
     9     100.3      148.7      33.9          94           94
     9      99.5      173.7      33.9          94           94
     9      99.9      198.7      33.9          94           94
     9      99.9      223.7      33.9          94           94
     9      99.9      248.7      33.9          94           94
     9      99.9      273.7      33.9          94           94
     9      99.9      298.8      33.9          94           94
     9      99.9      323.8      33.9          94           94
     9     100.3      348.8      33.8          94           94
     9      99.9      373.8      33.9          94           94
     9     100.3      398.8      33.9          95           95
     9      99.9      423.8      33.8          94           94
     9      99.9      448.8      33.8          94           94
     9      99.9      473.8      33.9          94           94
     9      99.9      498.8      33.9          94           94
     9      99.9      523.8      33.9          94           94
     9      99.9      548.8      33.9          95           95
     9      99.9      573.8      33.9          95           95
     9      99.9      598.8      33.8          95           95
     9      99.9      623.9      33.8          95           95
     9     100.3      648.9      33.8          95           95
     9     100.3      673.9      33.8          95           95
     9      99.9      698.9      33.8          95           95
     9     100.3      723.9      33.9          95           95
     9     100.3      748.9      33.8          95           95
     9     100.3      773.9      33.7          95           95
     9     100.3      798.9      33.8          95           95
     9     100.3      823.9      33.8          96           96
     9      99.9      848.9      33.8          96           96
     9     100.3      873.9      33.8          96           96
     9      99.9      898.9      33.8          95           95
     9      99.5      923.9      33.8          95           95
     9      99.9      949.0      33.7          95           95
     9     100.3      974.0      33.8          95           95
     9      99.9      999.0      33.8          95           95
     9      99.9      999.0      33.8          95           95
    10     100.3       23.6      33.6          93           93
    10      99.9       48.6      33.6          94           94
    10      99.9       73.6      33.6          94           94
    10      99.9       98.6      33.7          94           94
    10      99.9      123.6      33.7          94           94
    10     100.3      148.7      33.6          94           94
    10      99.9      173.7      33.7          94           94
    10      99.9      198.7      33.7          94           94
    10     100.3      223.7      33.7          94           94
    10      99.9      248.7      33.7          94           94
    10      99.9      273.7      33.6          94           94
    10      99.9      298.7      33.7          94           94
    10      99.9      323.7      33.6          94           94
    10     100.3      348.7      33.7          94           94
    10      99.9      373.7      33.7          95           95
    10     100.3      398.8      33.7          94           94
    10      99.9      423.8      33.6          94           94
    10      99.9      448.8      33.6          94           94
    10     100.3      473.8      33.6          94           94
    10      99.9      498.8      33.6          94           94
    10      99.9      523.8      33.6          94           94
    10      99.9      548.8      33.6          94           94
    10     100.3      573.8      33.6          94           94
    10      99.9      598.8      33.5          94           94
    10     100.3      623.8      33.6          94           94
    10     100.3      648.8      33.6          94           94
    10      99.9      673.8      33.6          94           94
    10     100.3      698.9      33.6          94           94
    10      99.9      723.9      33.6          95           95
    10      99.9      748.9      33.6          95           95
    10      99.9      773.9      33.6          95           95
    10      99.9      798.9      33.6          95           95
    10     100.3      823.9      33.5          95           95
    10      99.9      848.9      33.5          95           95
    10      99.9      873.9      33.6          95           95
    10      99.9      898.9      33.6          95           95
    10      99.9      923.9      33.6          95           95
    10      99.9      948.9      33.6          95           95
    10      99.9      973.9      33.6          94           94
    10      99.9      999.0      33.5          94           94
    10      99.9      999.0      33.5          94           94
    11      99.9       23.6      33.4          95           95
    11      99.9       48.6      33.4          95           95
    11      99.9       73.6      33.4          96           96
    11      99.9       98.6      33.4          96           96
    11      99.9      123.6      33.3          96           96
    11      99.9      148.6      33.4          96           96
    11     100.3      173.7      33.4          96           96
    11      99.9      198.7      33.4          97           97
    11     100.3      223.7      33.4          97           97
    11     100.3      248.7      33.5          96           96
    11      99.9      273.7      33.5          96           96
    11     100.3      298.7      33.4          97           97
    11      99.9      323.7      33.4          97           97
    11      99.9      348.7      33.4          96           96
    11      99.9      373.7      33.3          97           97
    11      99.9      398.8      33.4          97           97
    11     100.3      423.8      33.4          97           97
    11      99.9      448.8      33.4          97           97
    11     100.3      473.8      33.3          97           97
    11     100.3      498.8      33.4          97           97
    11      99.9      523.8      33.4          97           97
    11      99.9      548.8      33.4          97           97
    11     100.3      573.8      33.4          97           97
    11      99.9      598.8      33.4          97           97
    11      99.9      623.8      33.4          98           98
    11      99.9      648.8      33.2          97           97
    11      99.9      673.8      33.3          97           97
    11     100.3      698.9      33.3          98           98
    11     100.3      723.9      33.3          98           98
    11      99.9      748.9      33.3          98           98
    11      99.9      773.9      33.3          98           98
    11     100.3      798.9      33.3          97           97
    11     100.3      823.9      33.3          97           97
    11      99.9      848.9      33.3          97           97
    11      99.9      873.9      33.3          97           97
    11      99.9      898.9      33.3          97           97
    11     100.3      923.9      33.3          97           97
    11      99.9      948.9      33.3          97           97
    11      99.9      973.9      33.3          97           97
    11      99.9      998.9      33.3          97           97
    11      99.9      998.9      33.3          97           97
    12      99.9       23.5      32.9          90           90
    12      99.9       48.6      33.0          90           90
    12      99.5       73.5      32.7          91           91
    12      99.9       98.5      32.5          90           90
    12      99.9      123.5      32.4          91           91
    12      99.5      148.5      32.2          91           91
    12      99.9      173.5      31.9          91           91
    12      99.9      198.6      32.0          92           92
    12      99.9      223.6      32.0          92           92
    12      99.9      248.6      32.1          93           93
    12      99.9      273.6      32.2          93           93
    12      99.9      298.6      32.3          93           93
    12     100.3      323.6      32.4          93           93
    12      99.9      348.7      32.6          93           93
    12     100.3      373.7      32.7          92           92
    12      99.9      398.7      32.7          93           93
    12      99.5      423.7      32.6          93           93
    12      99.9      448.7      32.8          92           92
    12      99.9      473.7      32.8          92           92
    12      99.9      498.7      32.8          92           92
    12      99.9      523.7      32.7          92           92
    12      99.9      548.7      32.6          92           92
    12      99.9      573.7      32.6          92           92
    12      99.9      598.8      32.7          92           92
    12     100.3      623.8      32.6          92           92
    12      99.9      648.8      32.7          92           92
    12      99.9      673.8      32.8          91           91
    12      99.9      698.8      32.7          91           91
    12      99.9      723.8      32.8          91           91
    12     100.3      748.8      32.8          91           91
    12      99.9      773.8      32.8          91           91
    12      99.9      798.8      32.7          92           92
    12      99.9      823.8      32.8          92           92
    12      99.9      848.9      32.7          92           92
    12      99.9      873.9      32.8          92           92
    12     100.3      898.9      32.8          92           92
    12     100.3      923.9      32.7          92           92
    12      99.9      948.9      32.8          93           93
    12      99.5      973.9      32.7          93           93
    12      99.9      998.9      32.8          93           93
    12      99.9      998.9      32.8          93           93
    13      99.9       23.5      32.7          97           97
    13     100.3       48.5      32.8          98           98
    13      99.9       73.5      32.7          97           97
    13      99.9       98.6      32.8          97           97
    13      99.9      123.6      32.8          97           97
    13      99.9      148.6      32.8          97           97
    13     100.3      173.6      32.7          97           97
    13      99.9      198.6      32.8          98           98
    13      99.5      223.6      32.7          97           97
    13      99.9      248.6      32.8          98           98
    13     100.3      273.6      32.8          98           98
    13     100.3      298.6      32.8          98           98
    13     100.3      323.7      32.7          97           97
    13      99.9      348.7      32.7          97           97
    13      99.9      373.7      32.8          97           97
    13      99.5      398.7      32.8          97           97
    13      99.9      423.7      32.8          97           97
    13     100.3      448.7      32.7          97           97
    13      99.9      473.7      32.7          97           97
    13      99.9      498.7      32.7          98           98
    13      99.9      523.7      32.7          98           98
    13      99.9      548.7      32.8          97           97
    13      99.9      573.7      32.8          98           98
    13      99.9      598.8      32.8          98           98
    13      99.9      623.8      32.7          98           98
    13      99.9      648.8      32.7          98           98
    13      99.9      673.8      32.5          98           98
    13     100.3      698.8      32.7          98           98
    13     100.3      723.8      32.7          97           97
    13      99.9      748.8      32.7          97           97
    13      99.9      773.8      32.7          97           97
    13      99.9      798.8      32.7          97           97
    13     100.3      823.8      32.6          97           97
    13      99.9      848.8      32.7          97           97
    13     100.3      873.8      32.7          97           97
    13      99.9      898.8      32.6          97           97
    13     100.3      923.9      32.6          97           97
    13      99.9      948.9      32.7          97           97
    13      99.9      973.9      32.6          97           97
    13      99.9      998.9      32.6          97           97
    13      99.9      998.9      32.6          97           97
    14     100.3       23.5      32.5          99           99
    14      99.9       48.5      32.5         100          100
    14      99.9       73.5      32.5         100          100
    14     100.3       98.5      32.4          99           99
    14     100.3      123.5      32.5          99           99
    14     100.3      148.5      32.6          99           99
    14      99.9      173.5      32.5          99           99
    14      99.9      198.6      32.5          99           99
    14      99.9      223.6      32.5          99           99
    14      99.9      248.6      32.5          99           99
    14      99.5      273.6      32.5         100          100
    14      99.5      298.6      32.5         100          100
    14      99.9      323.6      32.5         100          100
    14      99.9      348.6      32.5         100          100
    14      99.9      373.6      32.5         100          100
    14      99.9      398.6      32.5         100          100
    14      99.5      423.6      32.5         100          100
    14     100.3      448.7      32.5         100          100
    14      99.5      473.7      32.4         100          100
    14      99.9      498.7      32.5         101          101
    14     100.3      523.7      32.4         101          101
    14     100.3      548.7      32.4         101          101
    14     100.3      573.7      32.5         101          101
    14     100.3      598.7      32.4         101          101
    14      99.9      623.7      32.4         101          101
    14      99.9      648.7      32.4         101          101
    14      99.9      673.7      32.4         101          101
    14      99.5      698.7      32.3         101          101
    14     100.3      723.8      32.3         101          101
    14      99.9      748.8      32.4         100          100
    14      99.5      773.8      32.4         101          101
    14     100.3      798.8      32.4         101          101
    14     100.3      823.8      32.3         101          101
    14      99.5      848.8      32.4         101          101
    14      99.9      873.8      32.3         101          101
    14     100.3      898.8      32.3         101          101
    14      99.9      923.8      32.3         101          101
    14      99.9      948.8      32.3         101          101
    14      99.9      973.8      32.3         101          101
    14      99.9      998.8      32.3         101          101
    14      99.9      998.8      32.3         101          101
    15     100.3       23.4      32.2          96           96
    15      99.9       48.5      32.3          97           97
    15      99.9       73.5      32.3          98           98
    15      99.9       98.5      32.3          98           98
    15     100.3      123.5      32.3          98           98
    15     100.3      148.5      32.3          98           98
    15      99.9      173.5      32.3          98           98
    15      99.9      198.5      32.3          98           98
    15     100.3      223.6      32.2          98           98
    15      99.9      248.6      32.3          98           98
    15     100.3      273.6      32.2          98           98
    15      99.9      298.6      32.3          98           98
    15     100.3      323.6      32.2          98           98
    15     100.3      348.6      32.3          98           98
    15     100.3      373.6      32.2          98           98
    15     100.3      398.6      32.2          98           98
    15      99.9      423.6      32.1          98           98
    15     100.3      448.6      32.2          98           98
    15      99.9      473.6      32.2          98           98
    15      99.9      498.7      32.1          98           98
    15      99.9      523.7      32.1          98           98
    15     100.3      548.7      32.1          98           98
    15      99.5      573.7      32.1          98           98
    15      99.9      598.7      32.1          98           98
    15      99.9      623.7      32.1          98           98
    15      99.9      648.7      32.1          98           98
    15      99.9      673.7      32.2          98           98
    15      99.9      698.7      32.1          98           98
    15      99.9      723.7      32.1          98           98
    15      99.9      748.7      32.1          99           99
    15     100.3      773.8      32.1          99           99
    15      99.9      798.8      32.1          99           99
    15      99.9      823.8      32.1          99           99
    15      99.9      848.8      32.1          99           99
    15      99.9      873.8      32.1          99           99
    15      99.9      898.8      32.1         100          100
    15     100.3      923.8      32.1         100          100
    15     100.3      948.8      32.0         100          100
    15      99.9      973.8      32.0         100          100
    15      99.9      998.8      32.1         100          100
    15      99.9      998.8      32.1         100          100
    16      99.9       23.4      32.1          94           94
    16     100.3       48.4      32.1          95           95
    16      99.9       73.4      32.1          95           95
    16      99.9       98.5      32.0          96           96
    16      99.9      123.5      32.0          95           95
    16      99.9      148.5      32.1          95           95
    16      99.9      173.5      32.1          95           95
    16      99.9      198.5      32.1          96           96
    16     100.3      223.5      32.0          96           96
    16      99.9      248.5      32.1          96           96
    16      99.5      273.5      32.0          96           96
    16      99.9      298.6      32.0          96           96
    16      99.9      323.6      32.1          96           96
    16     100.3      348.6      32.0          96           96
    16      99.9      373.6      32.1          96           96
    16      99.9      398.6      31.8          96           96
    16      99.9      423.6      32.0          96           96
    16     100.3      448.6      32.0          96           96
    16     100.3      473.6      32.0          96           96
    16      99.9      498.6      31.9          96           96
    16      99.9      523.6      31.9          96           96
    16     100.3      548.6      31.9          96           96
    16      99.9      573.7      31.9          96           96
    16     100.3      598.7      31.8          96           96
    16      99.9      623.7      31.9          96           96
    16     100.3      648.7      31.8          96           96
    16      99.9      673.7      31.9          96           96
    16      99.9      698.7      31.9          96           96
    16      99.9      723.7      31.8          96           96
    16      99.9      748.7      31.9          97           97
    16     100.3      773.7      31.9          97           97
    16      99.9      798.7      31.8          97           97
    16     100.3      823.7      31.9          97           97
    16     100.3      848.7      31.8          97           97
    16      99.9      873.8      31.7          98           98
    16     100.3      898.8      31.8          98           98
    16      99.9      923.8      31.8          98           98
    16     100.3      948.8      31.7          98           98
    16      99.5      973.8      31.8          97           97
    16      99.9      998.8      31.8          97           97
    16      99.9      998.8      31.8          97           97

End of instrument data file.


Terminate file logging operation now
and press any key to continue.


________________________________________________________________
Configuration: WTS-125M-FV               CF2 V2_11 of Jun  3 2021

               _________________________________
                   Offload/Display Data File
               _________________________________
                   Tue Aug  5 17:51:09 2025

          <1> Display ALL data
          <2> Display event summary data
          <3> Display pump data
          <4> EEPROM data backup cache
          <M> Main Menu

          Selection [] ? m

________________________________________________________________
Configuration: WTS-125M-FV               CF2 V2_11 of Jun  3 2021

               McLane Research Laboratories, Inc.
                     Water Transfer System
                           ML15043-03
               _________________________________
                           Main Menu
               _________________________________
                   Tue Aug  5 17:51:12 2025

                            Port 00

          <1> Set Time          <5> Create Schedule
          <2> Diagnostics       <6> Deploy System
          <3> Manual Operation  <7> Offload Data
          <4> Sleep             <8> Contact McLane
          <C> Configure

                Selection [] ? 4

08/05/2025 17:51:17 Suspended ... 