7

________________________________________________________________
Configuration: WTS-125M-FV               CF2 V2_11 of Jun  3 2021

               _________________________________
                   Offload/Display Data File
               _________________________________
                   Sat Aug 20 15:58:56 2022

          <1> Display ALL data
          <2> Display event summary data
          <3> Display pump data
          <4> EEPROM data backup cache
          <M> Main Menu

          Selection [] ? 1

 Start the capture file now.
  
 Then, press any key to start the transfer.  The data
 file will remain in memory and is not erased by this
 offload procedure.


 Software version:  WTS-2_11
 Compiled:          Jun  3 2021 08:05:03
 Electronics S/N:   ML14986-04

 Data start:        08/22/2021 15:16:14
 Data stop:         08/12/2022 00:17:25

______

HEADER
______


 Lake Erie CM
 August 2021
 Tim Suder & Joe Werne

________________

EVENT PARAMETERS
________________


                                |Flush  |Sample Time  
                                |Vol    |Vol    Limit 

 Event  1: 09/01/2021 00:05:00  |100    |1000   21    |NA       
 Event  2: 09/16/2021 00:05:00  |100    |1000   21    |NA       
 Event  3: 10/01/2021 00:05:00  |100    |1000   21    |NA       
 Event  4: 10/16/2021 00:05:00  |100    |1000   21    |NA       
 Event  5: 10/31/2021 00:05:00  |100    |1000   21    |NA       
 Event  6: 11/15/2021 00:05:00  |100    |1000   21    |NA       
 Event  7: 11/30/2021 00:05:00  |100    |1000   21    |NA       
 Event  8: 12/15/2021 00:05:00  |100    |1000   21    |NA       
 Event  9: 12/30/2021 00:05:00  |100    |1000   21    |NA       
 Event 10: 01/14/2022 00:05:00  |100    |1000   21    |NA       
 Event 11: 01/29/2022 00:05:00  |100    |1000   21    |NA       
 Event 12: 02/13/2022 00:05:00  |100    |1000   21    |NA       
 Event 13: 02/28/2022 00:05:00  |100    |1000   21    |NA       
 Event 14: 03/15/2022 00:05:00  |100    |1000   21    |NA       
 Event 15: 03/30/2022 00:05:00  |100    |1000   21    |NA       
 Event 16: 04/14/2022 00:05:00  |100    |1000   21    |NA       
 Event 17: 04/29/2022 00:05:00  |100    |1000   21    |NA       
 Event 18: 05/14/2022 00:05:00  |100    |1000   21    |NA       
 Event 19: 05/29/2022 00:05:00  |100    |1000   21    |NA       
 Event 20: 06/13/2022 00:05:00  |100    |1000   21    |NA       
 Event 21: 06/28/2022 00:05:00  |100    |1000   21    |NA       
 Event 22: 07/13/2022 00:05:00  |100    |1000   21    |NA       
 Event 23: 07/28/2022 00:05:00  |100    |1000   21    |NA       
 Event 24: 08/12/2022 00:05:00  |100    |1000   21    |NA       

Pump data period: 15 seconds
Available fixative at start of deployment: 198.5

_______________

DEPLOYMENT DATA
_______________

Event   |                        |Start                |Internal |Battery |Volume     |        |Procedure                     
Number  |Procedure               |Time                 |Temp.    |Voltage |Pumped     |Duration|Result                        
        |                        |                     |         |        |           |        |                              
       1|Water Flush             |  09/01/2021 00:05:02|     16.5|    36.1|        100|      61| Volume reached
       1|Sample                  |  09/01/2021 00:06:14|     17.0|    36.0|       1000|     657| Volume reached
        |                        |                     |         |        |           |        |                              
       2|Water Flush             |  09/16/2021 00:05:02|     23.2|    35.8|        100|      61| Volume reached
       2|Sample                  |  09/16/2021 00:06:19|     23.8|    35.8|       1000|     601| Volume reached
        |                        |                     |         |        |           |        |                              
       3|Water Flush             |  10/01/2021 00:05:02|     17.6|    35.5|        100|      61| Volume reached
       3|Sample                  |  10/01/2021 00:06:25|     18.3|    35.3|       1000|     601| Volume reached
        |                        |                     |         |        |           |        |                              
       4|Water Flush             |  10/16/2021 00:05:02|     19.8|    35.4|        100|      61| Volume reached
       4|Sample                  |  10/16/2021 00:06:30|     20.6|    35.2|       1000|     601| Volume reached
        |                        |                     |         |        |           |        |                              
       5|Water Flush             |  10/31/2021 00:05:02|     16.4|    35.2|        100|      61| Volume reached
       5|Sample                  |  10/31/2021 00:06:35|     17.3|    34.8|       1000|     602| Volume reached
        |                        |                     |         |        |           |        |                              
       6|Water Flush             |  11/15/2021 00:05:02|     12.4|    34.8|        100|      61| Volume reached
       6|Sample                  |  11/15/2021 00:06:40|     13.5|    34.4|       1000|     601| Volume reached
        |                        |                     |         |        |           |        |                              
       7|Water Flush             |  11/30/2021 00:05:02|      9.0|    34.5|        100|      61| Volume reached
       7|Sample                  |  11/30/2021 00:06:46|     10.3|    34.0|       1000|     611| Volume reached
        |                        |                     |         |        |           |        |                              
       8|Water Flush             |  12/15/2021 00:05:02|      5.9|    34.1|        100|      70| Volume reached
       8|Sample                  |  12/15/2021 00:07:00|      7.4|    33.7|       1000|     715| Volume reached
        |                        |                     |         |        |           |        |                              
       9|Water Flush             |  12/30/2021 00:05:03|      6.0|    34.0|        100|      74| Volume reached
       9|Sample                  |  12/30/2021 00:07:09|      7.8|    33.5|       1000|     734| Volume reached
        |                        |                     |         |        |           |        |                              
      10|Water Flush             |  01/14/2022 00:05:03|      3.2|    33.7|         89|      69| Min flow reached
      10|Sample                  |  01/14/2022 00:07:09|      5.0|    33.1|       1000|     861| Volume reached
        |                        |                     |         |        |           |        |                              
      11|Water Flush             |  01/29/2022 00:05:03|      0.3|    33.4|         88|      68| Min flow reached
      11|Sample                  |  01/29/2022 00:07:13|      2.3|    32.8|        800|     851| Min flow reached
        |                        |                     |         |        |           |        |                              
      12|Water Flush             |  02/13/2022 00:05:03|      0.3|    33.2|         89|      70| Min flow reached
      12|Sample                  |  02/13/2022 00:07:20|      2.5|    32.6|       1000|    1012| Volume reached
        |                        |                     |         |        |           |        |                              
      13|Water Flush             |  02/28/2022 00:05:03|      0.4|    33.0|         88|      68| Min flow reached
      13|Sample                  |  02/28/2022 00:07:19|      2.5|    32.3|       1000|    1101| Volume reached
        |                        |                     |         |        |           |        |                              
      14|Water Flush             |  03/15/2022 00:05:03|      0.9|    32.6|         88|      68| Min flow reached
      14|Sample                  |  03/15/2022 00:07:13|      2.8|    31.9|         92|      72| Min flow reached
        |                        |                     |         |        |           |        |                              
      15|Water Flush             |  03/30/2022 00:05:03|      1.9|    32.3|         88|      68| Min flow reached
      15|Sample                  |  03/30/2022 00:07:08|      3.6|    31.7|       1000|    1118| Volume reached
        |                        |                     |         |        |           |        |                              
      16|Water Flush             |  04/14/2022 00:05:03|      3.8|    32.5|         88|      68| Min flow reached
      16|Sample                  |  04/14/2022 00:07:03|      5.3|    32.0|       1000|    1094| Volume reached
        |                        |                     |         |        |           |        |                              
      17|Water Flush             |  04/29/2022 00:05:02|      5.2|    32.6|         89|      70| Min flow reached
      17|Sample                  |  04/29/2022 00:06:59|      6.6|    32.1|       1000|     898| Volume reached
        |                        |                     |         |        |           |        |                              
      18|Water Flush             |  05/14/2022 00:05:02|      9.0|    32.8|         97|      79| Min flow reached
      18|Sample                  |  05/14/2022 00:07:03|     10.4|    32.3|       1000|     693| Volume reached
        |                        |                     |         |        |           |        |                              
      19|Water Flush             |  05/29/2022 00:05:02|      7.6|    32.8|        100|      80| Volume reached
      19|Sample                  |  05/29/2022 00:06:58|      9.0|    32.2|       1000|     917| Volume reached
        |                        |                     |         |        |           |        |                              
      20|Water Flush             |  06/13/2022 00:05:02|      7.9|    32.7|        100|      82| Volume reached
      20|Sample                  |  06/13/2022 00:06:55|      9.1|    32.3|       1000|     767| Volume reached
        |                        |                     |         |        |           |        |                              
      21|Water Flush             |  06/28/2022 00:05:02|     17.5|    33.0|        100|      80| Volume reached
      21|Sample                  |  06/28/2022 00:06:48|     18.5|    32.6|       1000|     601| Volume reached
        |                        |                     |         |        |           |        |                              
      22|Water Flush             |  07/13/2022 00:05:02|     21.8|    33.1|        100|      79| Volume reached
      22|Sample                  |  07/13/2022 00:06:43|     22.8|    32.7|       1000|     601| Volume reached
        |                        |                     |         |        |           |        |                              
      23|Water Flush             |  07/28/2022 00:05:02|     23.8|    33.0|        100|      79| Volume reached
      23|Sample                  |  07/28/2022 00:06:37|     24.6|    32.7|       1000|     601| Volume reached
        |                        |                     |         |        |           |        |                              
      24|Water Flush             |  08/12/2022 00:05:02|     25.1|    32.8|        100|      69| Volume reached
      24|Sample                  |  08/12/2022 00:06:22|     25.7|    32.6|       1001|     603| Volume reached

____________

PUMPING DATA
____________


 Pump data period = 15 seconds

  [event#]  [ml/min]    [ml]     [Vbat]    [Av. Cur]    [High Cur]

     1      99.9       23.8      36.3          97           97
     1      99.9       48.8      36.3          96           96
     1      99.9       73.8      36.3          96           96
     1      99.9       98.8      36.2          96           96
     1      99.9      123.8      36.2          97           97
     1      99.9      148.8      36.2          96           96
     1     100.3      173.8      36.2          97           97
     1      99.9      198.8      36.2          97           97
     1     100.3      223.8      36.2          97           97
     1      99.9      248.8      36.2          97           97
     1      99.9      273.8      36.2          97           97
     1      99.9      298.8      36.2          98           98
     1     100.3      323.8      36.1          99           99
     1      99.9      348.8      36.1          99           99
     1      99.9      373.8      36.1         100          100
     1     100.3      398.8      36.1         100          100
     1     100.3      423.8      36.1         101          101
     1      99.5      448.8      36.1         101          101
     1      99.9      473.8      36.1         101          101
     1      99.9      498.9      36.0         102          102
     1      99.9      523.8      36.1         102          102
     1      97.0      548.8      36.1         103          103
     1      95.7      572.8      36.0         102          102
     1      94.9      597.0      36.0         102          102
     1      95.7      620.8      36.1         102          102
     1      94.1      644.7      36.0         102          102
     1      86.1      667.0      36.1         101          101
     1      88.2      688.6      36.1          99           99
     1      87.8      710.6      36.0          97           97
     1      87.0      732.8      36.1          96           96
     1      87.0      754.5      36.0          95           95
     1      85.7      776.4      36.0          94           94
     1      81.1      797.8      36.0          94           94
     1      77.8      817.3      36.1          93           93
     1      80.3      837.1      36.1          92           92
     1      82.0      857.2      36.0          91           91
     1      79.0      877.1      36.0          91           91
     1      71.9      896.0      36.0          89           89
     1      74.0      914.0      36.0          88           88
     1      74.4      932.5      36.0          87           87
     1      73.2      951.2      36.0          87           87
     1      73.2      969.4      36.0          86           86
     1      66.1      986.3      36.0          85           85
     2      99.9       23.8      36.1          88           88
     2     100.3       48.9      36.1          87           87
     2     100.3       73.9      36.1          87           87
     2     100.3       98.9      36.1          86           86
     2     100.8      123.9      36.1          86           86
     2      99.9      148.9      36.1          86           86
     2      99.5      173.9      36.1          86           86
     2      99.9      198.9      36.1          86           86
     2      99.9      223.9      36.1          86           86
     2      99.5      248.9      36.1          87           87
     2     100.3      273.9      36.0          87           87
     2      99.5      298.9      36.0          88           88
     2      99.9      323.9      36.0          88           88
     2     100.3      348.9      36.0          89           89
     2      99.5      373.9      36.0          89           89
     2      99.9      398.9      36.0          89           89
     2     100.3      423.9      35.9          89           89
     2      99.9      448.9      35.9          89           89
     2      99.9      474.0      35.9          90           90
     2      99.9      499.0      36.0          90           90
     2     100.3      524.0      35.9          90           90
     2      99.9      549.0      35.9          91           91
     2      99.9      574.0      35.9          91           91
     2     100.3      599.0      35.9          91           91
     2     100.3      624.0      35.9          92           92
     2     100.3      649.0      35.9          92           92
     2      99.9      674.0      35.9          92           92
     2     100.3      699.0      35.9          92           92
     2     100.3      724.0      35.9          92           92
     2      99.5      749.0      35.9          92           92
     2     100.3      774.0      35.9          93           93
     2     100.3      799.0      35.9          93           93
     2     100.3      824.0      35.8          92           92
     2      99.9      849.0      35.8          92           92
     2     100.3      874.1      35.8          92           92
     2      99.9      899.0      35.8          93           93
     2      99.9      924.1      35.8          93           93
     2      99.9      949.1      35.8          93           93
     2      99.5      974.1      35.8          93           93
     2     100.3      999.1      35.8          93           93
     2     100.3      999.1      35.8          93           93
     3     100.3       23.7      35.6          99           99
     3     100.3       48.8      35.7          99           99
     3      99.9       73.8      35.7          98           98
     3      99.9       98.8      35.7          98           98
     3      99.9      123.8      35.6          97           97
     3      99.9      148.8      35.7          97           97
     3      99.9      173.8      35.6          97           97
     3      99.9      198.8      35.6          97           97
     3      99.9      223.8      35.6          96           96
     3      99.9      248.8      35.6          96           96
     3      99.9      273.8      35.6          96           96
     3      99.5      298.9      35.6          96           96
     3      99.9      323.9      35.6          97           97
     3      99.9      348.9      35.6          97           97
     3      99.9      373.9      35.5          97           97
     3      99.9      398.9      35.6          97           97
     3      99.9      423.9      35.6          98           98
     3      99.9      448.9      35.5          98           98
     3      99.9      473.9      35.5          98           98
     3     100.3      498.9      35.4          98           98
     3      99.5      523.9      35.5          99           99
     3      99.9      548.9      35.5          99           99
     3      99.5      573.9      35.5          99           99
     3      99.9      598.9      35.5         100          100
     3      99.9      623.9      35.5         100          100
     3      99.9      648.9      35.5         101          101
     3     100.3      673.9      35.5         101          101
     3      99.5      698.9      35.5         101          101
     3      99.5      723.9      35.5         101          101
     3      99.5      748.9      35.5         101          101
     3     100.3      774.0      35.4         101          101
     3      99.9      799.0      35.5         101          101
     3      99.9      824.0      35.4         101          101
     3     100.3      849.0      35.4         101          101
     3      99.9      874.0      35.4         101          101
     3      99.9      899.0      35.4         101          101
     3      99.5      924.0      35.4         101          101
     3     100.3      949.0      35.4         101          101
     3      99.5      974.0      35.4         101          101
     3     100.3      999.0      35.4         101          101
     3     100.3      999.0      35.4         101          101
     4      99.5       23.7      35.4          91           91
     4      99.9       48.8      35.5          91           91
     4     100.3       73.8      35.5          91           91
     4      99.9       98.8      35.5          90           90
     4      99.5      123.8      35.4          90           90
     4      99.9      148.8      35.4          90           90
     4     100.3      173.8      35.5          90           90
     4      99.9      198.8      35.4          89           89
     4      99.9      223.8      35.4          89           89
     4      99.9      248.8      35.4          89           89
     4      99.5      273.9      35.4          89           89
     4      99.9      298.9      35.4          90           90
     4     100.3      323.9      35.4          90           90
     4      99.5      348.9      35.4          90           90
     4      99.9      373.9      35.4          91           91
     4      99.9      398.9      35.4          91           91
     4      99.5      423.9      35.4          91           91
     4      99.9      448.9      35.4          91           91
     4     100.3      473.9      35.4          92           92
     4      99.9      498.9      35.3          92           92
     4      99.9      523.9      35.3          92           92
     4     100.3      548.9      35.3          92           92
     4     100.3      573.9      35.3          92           92
     4     100.3      598.9      35.2          93           93
     4     100.3      623.9      35.3          93           93
     4      99.9      648.9      35.3          93           93
     4      99.9      674.0      35.3          93           93
     4     100.3      699.0      35.3          93           93
     4      99.9      724.0      35.3          93           93
     4      99.9      749.0      35.3          93           93
     4      99.9      774.0      35.3          93           93
     4      99.9      799.0      35.2          94           94
     4     100.3      824.0      35.2          94           94
     4     100.3      849.0      35.3          94           94
     4      99.9      874.0      35.3          94           94
     4      99.9      899.0      35.3          94           94
     4      99.5      924.0      35.2          94           94
     4      99.9      949.0      35.2          95           95
     4      99.5      974.0      35.2          95           95
     4      99.9      999.0      35.2          95           95
     4      99.9      999.0      35.2          95           95
     5     100.3       23.7      35.1          91           91
     5      99.9       48.7      35.1          92           92
     5      99.5       73.7      35.1          92           92
     5     100.3       98.8      35.1          92           92
     5      99.9      123.8      35.1          92           92
     5     100.3      148.8      35.1          93           93
     5      99.9      173.8      35.1          92           92
     5      99.9      198.8      35.1          93           93
     5      99.9      223.8      35.1          93           93
     5      99.9      248.8      35.1          93           93
     5     100.3      273.8      35.1          93           93
     5      99.5      298.8      35.0          93           93
     5      99.9      323.8      35.1          93           93
     5      99.5      348.8      35.0          94           94
     5      99.9      373.8      35.0          94           94
     5      99.9      398.8      35.0          94           94
     5     100.3      423.8      35.0          94           94
     5     100.3      448.8      35.0          94           94
     5      99.9      473.9      35.0          94           94
     5      99.9      498.9      35.0          95           95
     5     100.3      523.9      35.0          95           95
     5      99.9      548.9      35.0          95           95
     5      99.9      573.9      35.0          95           95
     5      99.9      598.9      35.0          95           95
     5      99.9      623.9      35.0          95           95
     5      99.9      648.9      34.9          96           96
     5     100.3      673.9      34.9          96           96
     5      99.5      698.9      35.0          96           96
     5     100.3      723.9      34.9          96           96
     5      99.5      748.9      34.9          96           96
     5      99.9      773.9      34.9          96           96
     5     100.3      798.9      34.9          96           96
     5     100.3      823.9      34.9          96           96
     5      99.9      848.9      34.9          97           97
     5      99.5      873.9      34.9          97           97
     5     101.2      898.9      34.9          98           98
     5     100.8      923.9      34.9          98           98
     5      99.9      948.9      34.9          99           99
     5      99.9      973.9      34.8          99           99
     5      99.9      998.9      34.8         100          100
     5      99.9      998.9      34.8         100          100
     6     100.3       23.6      34.7          95           95
     6     100.3       48.6      34.7          96           96
     6      99.9       73.7      34.8          96           96
     6      99.9       98.7      34.8          95           95
     6     100.3      123.7      34.7          96           96
     6      99.9      148.7      34.7          96           96
     6     100.3      173.7      34.7          96           96
     6      99.9      198.7      34.7          96           96
     6      99.9      223.7      34.7          96           96
     6      99.9      248.7      34.7          97           97
     6      99.9      273.7      34.7          97           97
     6      99.9      298.7      34.6          97           97
     6      99.9      323.7      34.7          97           97
     6     100.3      348.7      34.7          97           97
     6      99.9      373.7      34.6          97           97
     6      99.9      398.8      34.6          98           98
     6      99.9      423.8      34.6          98           98
     6      99.9      448.8      34.6          98           98
     6      99.9      473.8      34.6          97           97
     6     100.3      498.8      34.6          98           98
     6      99.5      523.8      34.6          98           98
     6      99.9      548.8      34.6          98           98
     6      99.9      573.8      34.6          98           98
     6      99.9      598.8      34.5          98           98
     6     100.3      623.8      34.5          98           98
     6      99.9      648.8      34.6          98           98
     6     100.3      673.8      34.5          98           98
     6     100.3      698.8      34.5          98           98
     6     100.3      723.8      34.6          98           98
     6      99.9      748.9      34.5          98           98
     6     100.3      773.9      34.5          98           98
     6      99.9      798.9      34.5          98           98
     6     100.8      823.9      34.5          98           98
     6      99.9      848.9      34.5          99           99
     6      99.5      873.9      34.5          99           99
     6      99.9      898.9      34.5          99           99
     6      99.5      923.9      34.5          99           99
     6      99.9      948.9      34.5          99           99
     6      99.9      973.9      34.5          99           99
     6      96.2      998.6      34.5          99           99
     6      96.2      998.6      34.5          99           99
     7     100.3       23.5      34.3          97           97
     7      95.7       48.2      34.4          96           96
     7      95.7       72.2      34.4          94           94
     7      95.3       96.4      34.4          93           93
     7      97.4      120.2      34.4          92           92
     7      97.0      144.4      34.4          92           92
     7      99.1      169.0      34.3          92           92
     7      96.2      193.0      34.3          91           91
     7      97.8      217.3      34.3          91           91
     7      99.5      241.9      34.3          91           91
     7      99.9      266.9      34.3          92           92
     7      99.9      291.9      34.2          93           93
     7      99.9      316.9      34.3          93           93
     7      99.9      341.9      34.2          94           94
     7      99.9      366.9      34.3          94           94
     7      99.5      392.0      34.3          95           95
     7      99.9      417.0      34.2          95           95
     7      96.2      441.5      34.3          94           94
     7      97.4      465.6      34.3          94           94
     7      97.8      490.1      34.2          94           94
     7     100.3      514.9      34.2          94           94
     7     100.3      539.9      34.2          95           95
     7      99.9      564.9      34.2          95           95
     7      96.2      589.1      34.1          94           94
     7      98.3      613.3      34.2          94           94
     7      99.5      637.8      34.2          94           94
     7     100.3      662.8      34.2          95           95
     7      99.9      687.8      34.2          95           95
     7     100.3      712.9      34.2          95           95
     7      97.0      737.8      34.2          95           95
     7      95.7      761.8      34.2          95           95
     7      97.8      786.1      34.2          95           95
     7      99.5      810.8      34.1          94           94
     7     100.3      835.8      34.1          94           94
     7     100.3      860.8      34.1          94           94
     7      95.7      885.0      34.1          94           94
     7      97.4      909.2      34.1          94           94
     7      99.5      933.7      34.1          94           94
     7      96.2      958.6      34.1          95           95
     7      95.7      982.6      34.1          95           95
     8      99.9       23.4      33.9         104          104
     8      95.7       48.1      34.0         105          105
     8      73.2       69.1      34.1         101          101
     8      73.2       87.3      34.1          93           93
     8      75.7      106.0      34.1          91           91
     8      76.9      125.0      34.1          89           89
     8      78.6      144.3      34.0          88           88
     8      79.0      164.1      34.1          83           83
     8      81.1      184.2      34.1          81           81
     8      82.4      204.6      34.1          81           81
     8      82.8      225.4      34.0          82           82
     8      85.3      246.6      34.0          84           84
     8      87.0      268.1      34.0          85           85
     8      89.1      289.9      34.0          87           87
     8      89.1      312.2      34.0          88           88
     8      86.1      333.7      34.0          90           90
     8      87.8      355.5      33.9          90           90
     8      89.9      377.6      34.0          91           91
     8      87.4      399.6      33.9          92           92
     8      88.6      421.4      33.9          92           92
     8      85.7      443.4      33.9          92           92
     8      86.1      465.0      34.0          92           92
     8      87.8      486.9      33.9          92           92
     8      89.9      509.1      33.9          92           92
     8      86.6      531.2      33.9          92           92
     8      89.1      553.0      33.9          93           93
     8      86.1      575.0      33.9          93           93
     8      86.1      596.6      33.9          92           92
     8      85.3      618.2      33.9          92           92
     8      86.1      639.5      33.9          92           92
     8      87.0      661.2      33.8          92           92
     8      84.0      682.5      33.9          91           91
     8      86.1      703.6      33.9          91           91
     8      86.6      725.1      33.9          90           90
     8      84.9      746.8      33.8          91           91
     8      85.7      768.0      33.8          91           91
     8      83.6      789.4      33.8          91           91
     8      85.7      810.4      33.8          91           91
     8      83.2      831.5      33.8          91           91
     8      85.3      852.3      33.8          91           91
     8      82.4      873.1      33.8          91           91
     8      83.6      893.7      33.8          90           90
     8      82.4      914.1      33.8          89           89
     8      83.2      934.6      33.8          89           89
     8      79.4      954.8      33.8          89           89
     8      73.2      973.4      33.8          88           88
     8      61.0      990.7      33.9          87           87
     9      99.5       23.4      33.7          98           98
     9      95.7       48.1      33.7          97           97
     9      73.2       69.0      33.9          93           93
     9      72.8       87.3      33.9          84           84
     9      75.7      106.0      33.9          82           82
     9      76.9      125.0      33.9          80           80
     9      78.6      144.3      33.9          79           79
     9      79.4      164.1      33.9          74           74
     9      80.7      184.2      33.8          72           72
     9      83.2      204.6      33.8          73           73
     9      82.8      225.4      33.8          74           74
     9      84.9      246.6      33.8          76           76
     9      87.0      268.1      33.8          76           76
     9      84.0      289.2      33.8          78           78
     9      75.7      309.9      33.8          78           78
     9      76.1      328.9      33.8          77           77
     9      77.8      348.3      33.8          77           77
     9      80.3      368.0      33.7          76           76
     9      80.3      388.0      33.8          75           75
     9      82.0      408.5      33.7          75           75
     9      84.5      429.3      33.7          75           75
     9      86.1      450.3      33.7          76           76
     9      82.8      471.8      33.7          77           77
     9      82.8      492.5      33.7          78           78
     9      84.9      513.6      33.7          79           79
     9      82.0      534.5      33.7          79           79
     9      84.0      555.0      33.7          79           79
     9      84.0      576.1      33.6          79           79
     9      82.4      597.2      33.7          79           79
     9      82.8      618.0      33.7          79           79
     9      76.1      637.5      33.7          79           79
     9      77.8      656.7      33.7          77           77
     9      78.6      676.2      33.7          76           76
     9      79.4      696.1      33.6          76           76
     9      82.0      716.4      33.6          75           75
     9      83.6      736.9      33.6          75           75
     9      84.0      757.9      33.7          75           75
     9      81.1      778.4      33.6          76           76
     9      83.2      798.8      33.6          77           77
     9      83.2      819.6      33.6          78           78
     9      79.9      839.7      33.7          78           78
     9      82.0      859.9      33.6          78           78
     9      79.4      879.8      33.6          78           78
     9      81.1      899.8      33.6          77           77
     9      82.8      920.1      33.6          76           76
     9      80.3      940.6      33.6          76           76
     9      79.9      960.6      33.5          76           76
     9      81.5      981.0      33.6          76           76
    10      99.9       23.4      33.3         103          103
    10      96.2       48.0      33.3         102          102
    10      72.8       68.8      33.6          98           98
    10      72.8       87.0      33.6          90           90
    10      74.8      105.8      33.6          88           88
    10      76.5      124.8      33.6          85           85
    10      79.4      144.2      33.5          84           84
    10      79.0      163.9      33.6          80           80
    10      77.4      183.8      33.6          77           77
    10      70.2      202.9      33.6          77           77
    10      71.1      220.6      33.6          77           77
    10      73.2      238.9      33.5          77           77
    10      75.7      257.3      33.6          76           76
    10      76.5      276.1      33.5          76           76
    10      76.9      295.4      33.5          76           76
    10      78.6      314.9      33.5          76           76
    10      81.1      334.8      33.5          76           76
    10      77.8      354.8      33.5          78           78
    10      78.6      374.3      33.5          78           78
    10      79.9      394.3      33.4          79           79
    10      82.4      414.5      33.4          80           80
    10      78.6      434.5      33.5          81           81
    10      74.0      454.2      33.4          81           81
    10      59.4      471.5      33.5          79           79
    10      59.8      486.5      33.5          78           78
    10      62.3      501.9      33.5          75           75
    10      63.6      517.7      33.5          74           74
    10      64.8      533.7      33.5          71           71
    10      66.5      550.2      33.5          70           70
    10      67.7      567.0      33.4          68           68
    10      69.8      584.1      33.5          68           68
    10      70.2      601.6      33.4          70           70
    10      71.9      619.5      33.4          71           71
    10      74.0      637.8      33.4          72           72
    10      71.1      655.5      33.4          73           73
    10      69.8      673.5      33.4          74           74
    10      70.2      691.0      33.4          75           75
    10      64.0      707.2      33.4          74           74
    10      65.6      723.5      33.4          74           74
    10      66.5      739.9      33.4          73           73
    10      64.4      756.0      33.4          72           72
    10      66.1      772.3      33.4          72           72
    10      64.0      788.4      33.4          71           71
    10      57.7      804.0      33.4          71           71
    10      58.1      818.5      33.4          70           70
    10      59.0      833.2      33.4          69           69
    10      60.2      848.1      33.4          68           68
    10      62.3      863.1      33.4          67           67
    10      59.8      878.3      33.4          67           67
    10      62.3      893.4      33.4          66           66
    10      59.8      908.6      33.4          66           66
    10      61.9      923.7      33.4          66           66
    10      60.2      938.8      33.4          66           66
    10      55.2      953.0      33.4          66           66
    10      56.4      966.8      33.4          66           66
    10      56.0      980.8      33.4          66           66
    10      57.3      995.0      33.4          65           65
    11      99.9       23.2      32.8         109          109
    11      96.6       47.9      33.0         110          110
    11      72.8       68.4      33.2         105          105
    11      49.8       82.1      33.3          93           93
    11      49.8       94.6      33.3          88           88
    11      51.0      107.3      33.4          82           82
    11      52.3      120.2      33.4          80           80
    11      52.7      133.2      33.4          70           70
    11      53.1      146.5      33.3          65           65
    11      53.9      159.9      33.3          62           62
    11      54.8      173.5      33.3          62           62
    11      54.8      187.2      33.3          62           62
    11      57.3      201.2      33.4          63           63
    11      56.9      215.4      33.3          64           64
    11      57.7      229.7      33.3          64           64
    11      56.4      243.9      33.3          65           65
    11      56.0      257.9      33.3          65           65
    11      56.9      272.2      33.3          65           65
    11      56.0      286.5      33.3          66           66
    11      56.0      300.5      33.3          66           66
    11      56.9      314.7      33.3          65           65
    11      57.7      329.0      33.2          66           66
    11      56.4      343.1      33.3          65           65
    11      57.3      357.2      33.2          65           65
    11      57.3      371.5      33.2          65           65
    11      55.6      385.7      33.2          66           66
    11      56.9      399.7      33.2          66           66
    11      56.9      414.0      33.2          66           66
    11      57.7      428.4      33.2          66           66
    11      56.0      442.4      33.2          66           66
    11      56.9      456.6      33.2          66           66
    11      56.0      470.8      33.2          66           66
    11      54.8      484.6      33.2          65           65
    11      56.0      498.5      33.2          65           65
    11      56.9      512.5      33.2          65           65
    11      55.2      526.5      33.1          65           65
    11      56.0      540.3      33.1          65           65
    11      56.4      554.3      33.2          65           65
    11      55.2      568.4      33.2          66           66
    11      54.8      582.1      33.2          66           66
    11      56.0      596.1      33.1          66           66
    11      53.9      609.6      33.2          66           66
    11      53.9      623.2      33.1          66           66
    11      53.1      636.5      33.1          66           66
    11      53.9      649.9      33.1          66           66
    11      54.8      663.4      33.1          65           65
    11      51.4      676.8      33.1          65           65
    11      49.8      689.3      33.1          64           64
    11      50.6      702.0      33.1          64           64
    11      51.8      714.8      33.1          64           64
    11      51.4      727.8      33.1          63           63
    11      50.2      740.4      33.1          63           63
    11      51.0      753.0      33.1          63           63
    11      50.6      765.8      33.0          63           63
    11      50.2      778.6      33.1          63           63
    11      49.8      791.1      33.1          63           63
    12     100.3       23.2      32.7         113          113
    12      96.2       47.9      32.8         114          114
    12      73.2       68.5      33.0         109          109
    12      50.2       82.5      33.2          97           97
    12      50.2       95.0      33.2          92           92
    12      51.0      107.7      33.2          86           86
    12      51.8      120.6      33.2          84           84
    12      52.7      133.6      33.2          74           74
    12      52.7      146.8      33.2          70           70
    12      54.4      160.2      33.2          65           65
    12      55.2      173.8      33.1          65           65
    12      55.2      187.6      33.2          66           66
    12      56.0      201.5      33.2          67           67
    12      56.9      215.6      33.1          67           67
    12      57.3      229.9      33.1          68           68
    12      58.1      244.4      33.1          68           68
    12      56.9      259.0      33.1          69           69
    12      56.9      273.2      33.1          70           70
    12      57.7      287.7      33.1          70           70
    12      59.0      302.2      33.1          70           70
    12      59.0      317.0      33.1          71           71
    12      58.1      331.8      33.0          71           71
    12      58.1      346.3      33.1          71           71
    12      56.9      360.8      33.1          70           70
    12      57.3      375.1      33.1          70           70
    12      57.7      389.5      33.1          71           71
    12      59.4      404.2      33.0          71           71
    12      60.2      419.0      33.0          70           70
    12      58.5      433.9      33.0          70           70
    12      58.1      448.4      33.0          71           71
    12      59.0      463.1      33.0          71           71
    12      59.8      477.9      33.0          71           71
    12      58.1      492.5      33.0          71           71
    12      59.0      507.1      33.0          71           71
    12      60.2      521.9      33.0          71           71
    12      58.1      536.6      32.9          71           71
    12      59.0      551.2      33.0          71           71
    12      59.4      565.9      32.9          71           71
    12      58.1      580.7      33.0          71           71
    12      57.7      595.2      33.0          71           71
    12      59.4      610.0      33.0          71           71
    12      56.9      624.5      33.0          71           71
    12      57.3      638.8      32.9          70           70
    12      58.1      653.2      32.9          70           70
    12      59.0      667.9      32.9          70           70
    12      60.2      682.7      32.9          71           71
    12      58.1      697.3      32.9          71           71
    12      59.0      711.9      32.9          71           71
    12      59.0      726.7      32.9          71           71
    12      60.2      741.7      32.9          71           71
    12      61.9      756.9      32.9          71           71
    12      63.1      772.5      32.8          71           71
    12      64.0      788.5      32.9          71           71
    12      64.0      804.7      32.9          72           72
    12      64.0      820.7      32.8          72           72
    12      58.1      835.4      32.9          73           73
    12      59.4      850.1      32.8          73           73
    12      58.5      864.8      32.8          74           74
    12      57.7      879.6      32.8          74           74
    12      59.0      894.1      32.9          73           73
    12      58.5      908.8      32.9          72           72
    12      56.9      923.3      32.9          72           72
    12      57.7      937.6      32.8          72           72
    12      55.6      951.8      32.8          72           72
    12      56.9      965.9      32.8          71           71
    12      56.9      980.1      32.8          71           71
    12      56.0      994.4      32.8          71           71
    13     100.3       23.2      32.5         109          109
    13      96.2       47.9      32.6         110          110
    13      72.8       68.4      32.8         105          105
    13      50.2       82.1      33.0          92           92
    13      49.8       94.6      33.0          87           87
    13      51.0      107.3      33.0          81           81
    13      52.3      120.1      33.0          79           79
    13      52.7      133.2      33.0          69           69
    13      51.0      146.3      33.0          64           64
    13      51.4      159.0      33.0          60           60
    13      51.8      172.0      33.0          60           60
    13      53.1      185.1      33.0          61           61
    13      53.1      198.4      33.0          61           61
    13      53.9      211.9      33.0          62           62
    13      54.8      225.4      32.9          62           62
    13      53.1      238.8      32.9          62           62
    13      53.9      252.1      32.9          62           62
    13      54.8      265.7      32.9          62           62
    13      53.5      279.1      32.9          63           63
    13      53.9      292.4      32.9          63           63
    13      54.4      305.9      32.9          63           63
    13      53.5      319.5      32.9          63           63
    13      53.1      332.8      32.9          63           63
    13      53.9      346.2      32.9          63           63
    13      54.8      359.8      32.9          63           63
    13      55.2      373.6      32.9          63           63
    13      55.6      387.6      32.8          63           63
    13      56.9      401.7      32.9          64           64
    13      55.2      415.4      32.8          63           63
    13      53.9      429.3      32.8          64           64
    13      53.9      442.8      32.8          64           64
    13      55.2      456.5      32.8          64           64
    13      55.6      470.3      32.8          64           64
    13      53.9      483.9      32.8          64           64
    13      55.2      497.5      32.8          64           64
    13      53.1      511.1      32.8          64           64
    13      52.7      524.3      32.8          64           64
    13      53.9      537.8      32.7          63           63
    13      55.2      551.5      32.8          63           63
    13      53.1      564.8      32.7          63           63
    13      53.9      578.1      32.8          63           63
    13      55.2      591.7      32.7          63           63
    13      52.7      605.1      32.7          63           63
    13      54.4      618.4      32.8          63           63
    13      53.9      631.9      32.7          63           63
    13      53.1      645.5      32.8          63           63
    13      52.7      658.8      32.7          63           63
    13      53.9      672.2      32.8          63           63
    13      55.2      685.8      32.7          63           63
    13      53.5      699.1      32.7          63           63
    13      53.9      712.5      32.7          63           63
    13      54.8      726.0      32.7          63           63
    13      53.1      739.4      32.7          63           63
    13      50.2      752.3      32.7          63           63
    13      51.0      764.8      32.7          63           63
    13      51.0      777.6      32.7          62           62
    13      51.8      790.5      32.7          62           62
    13      53.1      803.6      32.6          62           62
    13      51.0      816.4      32.7          62           62
    13      52.3      829.3      32.7          61           61
    13      53.1      842.3      32.7          61           61
    13      51.0      855.3      32.7          62           62
    13      51.8      868.1      32.6          62           62
    13      51.8      881.1      32.6          62           62
    13      51.0      894.1      32.7          62           62
    13      50.6      906.8      32.7          62           62
    13      50.2      919.6      32.7          62           62
    13      50.6      932.1      32.7          62           62
    13      51.4      944.9      32.7          62           62
    13      50.2      957.7      32.6          61           61
    13      49.8      970.2      32.7          61           61
    13      51.4      982.9      32.6          61           61
    13      51.8      995.7      32.6          61           61
    14     100.3       23.2      32.2         111          111
    14      96.6       47.9      32.2         114          114
    14      72.8       68.4      32.5         109          109
    14      49.8       82.0      32.7          96           96
    15      99.9       23.1      31.9         111          111
    15      96.2       47.8      31.9         113          113
    15      73.2       68.3      32.3         108          108
    15      49.3       82.1      32.5          95           95
    15      49.8       94.6      32.5          90           90
    15      51.0      107.3      32.6          83           83
    15      51.8      120.2      32.5          81           81
    15      53.1      133.2      32.6          71           71
    15      51.0      146.4      32.6          66           66
    15      51.0      159.2      32.5          62           62
    15      50.2      172.0      32.6          62           62
    15      50.6      184.5      32.5          62           62
    15      51.4      197.2      32.6          62           62
    15      52.3      210.0      32.5          62           62
    15      52.3      223.0      32.5          62           62
    15      51.0      236.1      32.5          62           62
    15      51.4      248.9      32.5          62           62
    15      51.8      261.9      32.4          61           61
    15      53.1      275.0      32.4          62           62
    15      51.0      288.0      32.5          62           62
    15      52.3      300.8      32.4          62           62
    15      51.8      313.8      32.5          62           62
    15      50.6      326.8      32.5          63           63
    15      50.6      339.5      32.5          63           63
    15      51.8      352.5      32.4          63           63
    15      53.1      365.6      32.4          63           63
    15      51.4      378.5      32.4          63           63
    15      52.3      391.3      32.4          63           63
    15      52.3      404.3      32.4          63           63
    15      52.7      417.6      32.4          63           63
    15      51.0      430.5      32.4          63           63
    15      52.3      443.3      32.4          63           63
    15      52.3      456.3      32.4          62           62
    15      53.1      469.6      32.4          62           62
    15      53.9      482.9      32.4          63           63
    15      54.8      496.5      32.4          63           63
    15      52.7      509.9      32.3          63           63
    15      53.9      523.2      32.3          64           64
    15      53.9      536.7      32.3          64           64
    15      52.7      550.3      32.3          64           64
    15      50.2      563.5      32.4          65           65
    15      50.2      576.0      32.3          64           64
    15      50.6      588.7      32.3          63           63
    15      51.8      601.5      32.3          63           63
    15      52.3      614.5      32.3          63           63
    15      52.7      627.7      32.3          63           63
    15      53.5      641.1      32.2          63           63
    15      54.4      654.6      32.3          63           63
    15      53.1      668.1      32.2          63           63
    15      53.9      681.3      32.2          63           63
    15      53.9      694.9      32.3          64           64
    15      53.1      708.4      32.3          64           64
    15      53.1      721.6      32.3          64           64
    15      50.2      734.2      32.3          64           64
    15      51.0      746.9      32.3          63           63
    15      51.8      759.6      32.2          63           63
    15      51.8      772.6      32.2          63           63
    15      51.0      785.7      32.2          63           63
    15      51.4      798.5      32.3          63           63
    15      51.8      811.4      32.3          63           63
    15      53.1      824.5      32.2          63           63
    15      53.1      837.8      32.2          63           63
    15      51.0      850.6      32.2          63           63
    15      52.3      863.4      32.2          63           63
    15      52.7      876.5      32.2          64           64
    15      51.0      889.6      32.2          64           64
    15      51.0      902.4      32.2          64           64
    15      51.8      915.3      32.2          64           64
    15      53.1      928.4      32.2          63           63
    15      51.4      941.3      32.2          63           63
    15      51.8      954.1      32.1          63           63
    15      51.8      967.1      32.1          63           63
    15      51.0      980.1      32.2          63           63
    15      51.8      992.9      32.1          63           63
    16     100.3       23.2      32.1         113          113
    16      96.6       47.9      32.2         113          113
    16      73.2       68.4      32.5         108          108
    16      50.2       82.0      32.7          95           95
    16      49.8       94.6      32.7          90           90
    16      50.6      107.3      32.7          84           84
    16      50.6      120.1      32.7          82           82
    16      50.2      132.6      32.7          72           72
    16      51.0      145.3      32.7          67           67
    16      51.8      158.1      32.7          63           63
    16      52.3      171.1      32.7          63           63
    16      53.1      184.3      32.7          63           63
    16      51.0      197.1      32.6          63           63
    16      51.8      210.0      32.6          64           64
    16      53.1      223.0      32.6          64           64
    16      51.4      236.0      32.7          64           64
    16      51.8      248.8      32.6          64           64
    16      51.8      261.8      32.7          64           64
    16      53.1      275.0      32.6          64           64
    16      53.9      288.3      32.5          64           64
    16      53.9      301.8      32.6          64           64
    16      53.1      315.3      32.6          64           64
    16      53.9      328.6      32.5          64           64
    16      53.5      342.1      32.6          65           65
    16      53.1      355.7      32.6          65           65
    16      52.7      368.9      32.6          65           65
    16      53.9      382.4      32.5          65           65
    16      55.2      396.0      32.6          66           66
    16      53.1      409.3      32.5          66           66
    16      54.4      422.7      32.5          65           65
    16      55.2      436.2      32.5          65           65
    16      53.1      449.6      32.5          66           66
    16      53.9      462.9      32.5          66           66
    16      53.9      476.5      32.5          65           65
    16      53.1      490.0      32.5          65           65
    16      53.9      503.2      32.4          65           65
    16      53.9      516.7      32.5          65           65
    16      52.7      530.3      32.5          65           65
    16      53.5      543.6      32.5          66           66
    16      53.5      557.0      32.4          66           66
    16      54.8      570.6      32.4          66           66
    16      52.7      583.9      32.5          66           66
    16      54.4      597.3      32.4          66           66
    16      54.8      610.8      32.4          66           66
    16      52.7      624.2      32.4          66           66
    16      54.4      637.6      32.4          65           65
    16      53.9      651.1      32.4          65           65
    16      53.1      664.6      32.4          65           65
    16      53.1      677.8      32.4          65           65
    16      53.9      691.3      32.4          65           65
    16      53.1      704.9      32.4          65           65
    16      53.1      718.2      32.4          65           65
    16      54.4      731.6      32.4          65           65
    16      55.2      745.2      32.4          65           65
    16      52.7      758.7      32.4          65           65
    16      53.1      772.0      32.4          66           66
    16      53.9      785.5      32.4          65           65
    16      54.8      799.1      32.4          66           66
    16      55.6      812.9      32.3          66           66
    16      53.9      826.7      32.4          67           67
    16      54.8      840.2      32.4          67           67
    16      52.7      853.8      32.3          67           67
    16      53.1      867.0      32.3          67           67
    16      53.9      880.5      32.3          67           67
    16      53.1      894.1      32.4          67           67
    16      53.1      907.4      32.3          66           66
    16      54.4      920.8      32.3          66           66
    16      54.8      934.4      32.3          66           66
    16      52.7      947.8      32.3          65           65
    16      54.4      961.1      32.3          66           66
    16      54.4      974.6      32.3          66           66
    16      53.1      988.1      32.3          66           66
    17     100.3       23.3      32.2         107          107
    17      96.2       47.9      32.4         108          108
    17      72.8       68.5      32.6         103          103
    17      53.9       83.0      32.8          91           91
    17      54.8       96.6      32.7          87           87
    17      55.2      110.4      32.8          82           82
    17      56.0      124.4      32.7          80           80
    17      57.3      138.5      32.7          71           71
    17      58.1      152.8      32.8          67           67
    17      58.1      167.3      32.7          65           65
    17      59.0      182.0      32.7          65           65
    17      60.2      196.9      32.7          66           66
    17      59.8      211.9      32.7          66           66
    17      60.2      227.1      32.7          67           67
    17      61.9      242.2      32.7          68           68
    17      61.9      257.7      32.7          69           69
    17      64.0      273.5      32.6          69           69
    17      65.6      289.7      32.6          70           70
    17      64.4      306.0      32.6          71           71
    17      58.1      321.1      32.7          71           71
    17      59.4      335.6      32.7          71           71
    17      59.4      350.4      32.7          70           70
    17      60.2      365.3      32.6          70           70
    17      61.9      380.5      32.6          69           69
    17      62.3      396.0      32.6          69           69
    17      62.3      411.8      32.6          69           69
    17      63.6      427.3      32.5          69           69
    17      64.0      443.3      32.6          70           70
    17      65.6      459.6      32.5          70           70
    17      64.0      475.7      32.5          71           71
    17      65.2      492.0      32.5          71           71
    17      69.0      508.6      32.5          71           71
    17      68.2      525.6      32.5          72           72
    17      69.8      543.0      32.4          73           73
    17      71.9      560.6      32.4          73           73
    17      71.9      578.6      32.4          75           75
    17      74.4      597.2      32.4          75           75
    17      70.7      615.3      32.4          77           77
    17      72.8      633.1      32.4          77           77
    17      69.8      650.9      32.5          78           78
    17      71.9      668.5      32.4          78           78
    17      72.3      686.5      32.4          78           78
    17      71.1      704.6      32.4          78           78
    17      70.7      722.4      32.4          78           78
    17      72.8      740.6      32.4          78           78
    17      70.2      758.3      32.4          78           78
    17      71.9      776.0      32.4          78           78
    17      72.3      794.0      32.3          78           78
    17      71.1      812.1      32.3          78           78
    17      72.3      829.9      32.3          78           78
    17      72.8      848.2      32.3          78           78
    17      71.9      866.6      32.3          78           78
    17      71.9      884.6      32.3          78           78
    17      74.4      903.0      32.3          79           79
    17      71.1      921.1      32.3          79           79
    17      71.9      938.9      32.3          79           79
    17      69.4      957.1      32.3          79           79
    17      64.0      973.8      32.3          79           79
    17      53.1      988.8      32.4          78           78
    18      99.9       23.3      32.6         101          101
    18      96.2       48.0      32.6         101          101
    18      73.2       68.7      32.7          96           96
    18      73.2       87.0      32.9          88           88
    18      74.8      105.7      32.8          86           86
    18      76.9      124.8      32.8          83           83
    18      79.0      144.1      32.8          83           83
    18      79.0      163.9      32.8          78           78
    18      81.1      184.0      32.7          76           76
    18      82.8      204.5      32.8          76           76
    18      83.2      225.2      32.7          77           77
    18      84.9      246.5      32.7          79           79
    18      87.0      268.0      32.7          79           79
    18      88.6      289.9      32.6          81           81
    18      89.1      312.1      32.6          82           82
    18      88.2      334.6      32.7          84           84
    18      87.8      356.6      32.7          85           85
    18      90.3      379.0      32.6          86           86
    18      92.0      401.6      32.6          87           87
    18      89.1      424.0      32.6          87           87
    18      89.5      446.5      32.5          88           88
    18      87.8      468.5      32.6          87           87
    18      90.3      490.8      32.6          87           87
    18      92.0      513.4      32.5          87           87
    18      88.6      535.9      32.6          87           87
    18      90.7      558.3      32.5          87           87
    18      87.8      580.9      32.5          88           88
    18      88.2      602.9      32.5          88           88
    18      90.7      625.3      32.5          88           88
    18      92.0      648.0      32.4          89           89
    18      89.1      670.3      32.6          89           89
    18      91.1      692.8      32.5          89           89
    18      92.4      715.6      32.4          88           88
    18      89.9      738.4      32.5          89           89
    18      92.0      761.0      32.4          89           89
    18      92.4      784.0      32.5          89           89
    18      90.7      807.2      32.4          89           89
    18      90.7      829.9      32.4          89           89
    18      90.3      852.8      32.4          90           90
    18      91.6      875.4      32.4          90           90
    18      91.6      898.4      32.3          90           90
    18      90.7      921.5      32.4          91           91
    18      82.4      943.9      32.4          91           91
    18      69.4      962.5      32.6          89           89
    18      71.1      979.8      32.6          87           87
    18      71.1      997.6      32.6          83           83
    19      99.9       23.3      32.5         109          109
    19      96.2       48.0      32.5         110          110
    19      73.2       68.5      32.7         105          105
    19      53.9       82.7      32.9          94           94
    19      55.2       96.3      32.9          90           90
    19      55.6      110.1      32.9          84           84
    19      56.0      124.1      32.9          83           83
    19      56.9      138.3      32.9          74           74
    19      58.1      152.6      32.9          70           70
    19      57.7      167.1      32.9          67           67
    19      59.0      181.8      32.9          67           67
    19      60.2      196.7      32.8          68           68
    19      61.5      211.7      32.8          69           69
    19      62.3      227.2      32.8          70           70
    19      63.6      243.0      32.8          71           71
    19      66.1      259.1      32.8          71           71
    19      66.5      275.7      32.8          72           72
    19      67.7      292.6      32.7          73           73
    19      65.6      309.1      32.8          74           74
    19      66.1      325.8      32.7          74           74
    19      65.6      342.3      32.7          75           75
    19      66.1      359.1      32.7          75           75
    19      66.1      375.6      32.7          75           75
    19      66.1      392.3      32.7          75           75
    19      66.1      408.8      32.7          75           75
    19      66.1      425.5      32.7          75           75
    19      66.5      442.1      32.7          75           75
    19      66.1      458.8      32.7          75           75
    19      66.9      475.3      32.7          75           75
    19      66.5      492.0      32.7          76           76
    19      67.3      508.6      32.6          75           75
    19      66.5      525.3      32.6          76           76
    19      67.3      541.8      32.6          76           76
    19      65.6      558.6      32.6          76           76
    19      66.1      575.1      32.6          76           76
    19      65.6      591.9      32.6          77           77
    19      66.1      608.4      32.6          77           77
    19      65.6      625.2      32.6          76           76
    19      68.2      641.7      32.6          77           77
    19      66.1      658.4      32.6          76           76
    19      68.2      675.0      32.6          77           77
    19      66.1      691.6      32.6          77           77
    19      59.8      707.0      32.6          76           76
    19      61.9      722.2      32.6          75           75
    19      62.3      737.7      32.5          75           75
    19      64.0      753.7      32.6          74           74
    19      65.6      770.0      32.6          74           74
    19      67.7      786.6      32.5          74           74
    19      68.2      803.6      32.6          74           74
    19      66.5      820.1      32.5          75           75
    19      67.3      836.8      32.6          76           76
    19      59.8      853.1      32.6          77           77
    19      60.2      868.1      32.5          77           77
    19      61.9      883.5      32.5          76           76
    19      64.0      899.1      32.5          75           75
    19      64.0      915.1      32.5          75           75
    19      65.6      931.6      32.5          75           75
    19      68.6      948.4      32.5          74           74
    19      65.6      965.1      32.5          74           74
    19      67.7      981.7      32.5          75           75
    19      65.6      998.3      32.5          76           76
    20      99.9       23.3      32.4         105          105
    20      96.2       48.0      32.5         106          106
    20      72.8       68.7      32.7         102          102
    20      72.8       87.0      32.8          94           94
    20      74.8      105.7      32.7          92           92
    20      77.8      124.7      32.7          89           89
    20      79.0      144.1      32.7          88           88
    20      79.0      163.8      32.6          83           83
    20      81.1      183.9      32.6          82           82
    20      82.8      204.3      32.5          82           82
    20      79.9      224.9      32.6          82           82
    20      79.9      244.9      32.7          83           83
    20      82.0      265.3      32.7          84           84
    20      84.0      286.1      32.6          84           84
    20      85.3      307.1      32.5          85           85
    20      83.6      328.2      32.6          86           86
    20      84.9      349.0      32.6          86           86
    20      82.0      369.7      32.6          87           87
    20      84.0      390.4      32.5          87           87
    20      84.0      411.4      32.5          87           87
    20      82.8      432.5      32.5          88           88
    20      83.2      453.3      32.4          87           87
    20      82.0      474.3      32.5          87           87
    20      74.8      494.0      32.5          87           87
    20      76.1      512.8      32.5          86           86
    20      77.4      532.1      32.6          85           85
    20      79.0      551.6      32.5          85           85
    20      75.3      570.7      32.5          84           84
    20      78.2      590.0      32.5          83           83
    20      80.3      609.6      32.5          82           82
    20      76.1      629.3      32.5          82           82
    20      76.9      648.5      32.5          83           83
    20      75.7      668.2      32.5          83           83
    20      69.0      686.8      32.5          82           82
    20      69.4      704.0      32.5          82           82
    20      71.1      721.7      32.5          81           81
    20      72.3      739.7      32.5          80           80
    20      73.6      757.9      32.5          79           79
    20      73.2      776.7      32.5          79           79
    20      71.9      794.7      32.4          78           78
    20      74.4      813.0      32.5          78           78
    20      75.3      831.6      32.4          79           79
    20      73.2      850.1      32.4          79           79
    20      75.3      868.5      32.5          79           79
    20      71.9      887.0      32.4          80           80
    20      71.9      905.0      32.5          79           79
    20      74.4      923.5      32.4          79           79
    20      74.8      942.2      32.4          79           79
    20      72.8      960.4      32.4          79           79
    20      75.3      979.0      32.4          80           80
    20      76.9      997.9      32.4          80           80
    21     101.6       23.4      33.0         103          103
    21     100.3       48.5      33.0         102          102
    21      99.9       73.5      33.0         102          102
    21      99.5       98.5      33.0         101          101
    21     100.3      123.6      33.0         101          101
    21      99.9      148.6      33.0         101          101
    21     100.3      173.6      33.0         100          100
    21      99.9      198.6      33.0         100          100
    21      99.9      223.6      32.9         100          100
    21      99.9      248.6      32.9         100          100
    21     100.3      273.6      33.0         100          100
    21      99.9      298.6      32.9         100          100
    21     100.3      323.6      32.8         100          100
    21     100.3      348.6      32.9         100          100
    21     100.3      373.7      32.9         100          100
    21      99.9      398.7      32.9         100          100
    21      99.9      423.7      32.9         100          100
    21      99.9      448.7      32.9         100          100
    21      99.9      473.7      32.9         101          101
    21      99.9      498.7      32.9         101          101
    21     100.3      523.7      32.7         101          101
    21      99.9      548.7      32.8         101          101
    21     100.3      573.7      32.9         101          101
    21      99.9      598.7      32.8         101          101
    21      99.9      623.7      32.7         101          101
    21      99.5      648.7      32.8         101          101
    21     100.3      673.8      32.8         101          101
    21     100.3      698.8      32.8         101          101
    21      99.5      723.8      32.8         101          101
    21     100.3      748.8      32.8         101          101
    21     100.8      773.8      32.8         102          102
    21      99.9      798.8      32.8         102          102
    21     100.3      823.8      32.7         102          102
    21     100.3      848.8      32.7         102          102
    21      99.9      873.8      32.7         102          102
    21      99.9      898.8      32.8         102          102
    21     100.3      923.8      32.8         102          102
    21     100.3      948.8      32.7         102          102
    21      99.9      973.8      32.8         102          102
    21      99.5      998.8      32.7         103          103
    21      99.5      998.8      32.7         103          103
    22     100.8       23.5      33.1          96           96
    22      99.9       48.6      33.1          96           96
    22      99.9       73.6      33.1          95           95
    22      99.9       98.6      33.1          95           95
    22     100.3      123.6      33.1          95           95
    22      99.5      148.6      33.1          95           95
    22     100.3      173.6      33.1          95           95
    22      99.9      198.6      33.0          95           95
    22      99.5      223.6      33.1          95           95
    22      99.9      248.7      33.0          95           95
    22     100.3      273.7      33.0          96           96
    22      99.5      298.7      33.1          96           96
    22      99.9      323.7      33.0          96           96
    22     100.3      348.7      33.0          96           96
    22     100.3      373.7      33.0          96           96
    22     100.3      398.7      33.1          97           97
    22      99.9      423.7      33.0          97           97
    22      99.9      448.7      33.0          97           97
    22     100.3      473.7      32.9          97           97
    22      99.5      498.7      33.0          98           98
    22     100.3      523.7      33.0          98           98
    22      99.5      548.7      33.0          98           98
    22      99.9      573.7      32.9          98           98
    22      99.9      598.7      32.9          99           99
    22     100.3      623.7      32.9          99           99
    22     100.3      648.7      32.9         101          101
    22     100.3      673.8      33.0         100          100
    22     100.8      698.8      32.9         101          101
    22      99.9      723.8      32.9         101          101
    22     100.3      748.8      32.9         101          101
    22     100.3      773.8      32.9         100          100
    22      99.9      798.8      32.9          99           99
    22      99.9      823.8      32.9          99           99
    22      99.5      848.8      32.9         100          100
    22     100.8      873.9      32.9         100          100
    22      99.9      898.9      32.9         100          100
    22      99.9      923.8      32.8         101          101
    22      99.5      948.8      32.9         101          101
    22      99.5      973.8      32.8         102          102
    22     101.2      998.8      32.8         102          102
    22     101.2      998.8      32.8         102          102
    23      99.1       23.5      33.1          90           90
    23      99.1       48.6      33.1          89           89
    23      99.9       73.5      33.1          90           90
    23     100.3       98.6      33.1          90           90
    23      99.9      123.6      33.1          90           90
    23     100.3      148.6      33.1          90           90
    23     100.8      173.6      33.1          90           90
    23     100.3      198.6      33.1          90           90
    23     100.3      223.7      33.0          90           90
    23     100.3      248.7      33.1          90           90
    23      99.9      273.6      33.0          90           90
    23      99.9      298.6      33.0          91           91
    23      99.9      323.7      33.0          91           91
    23      98.7      348.7      33.0          92           92
    23     101.2      373.7      33.0          92           92
    23     101.6      398.7      33.0          93           93
    23      99.9      423.7      33.0          93           93
    23      98.7      448.7      33.0          94           94
    23      99.5      473.7      33.0          94           94
    23      99.9      498.7      33.0          95           95
    23     100.3      523.7      32.9          95           95
    23      99.5      548.7      33.0          95           95
    23     100.8      573.7      33.0          96           96
    23      99.9      598.7      32.9          97           97
    23      99.5      623.7      32.9          97           97
    23     100.3      648.7      32.9          97           97
    23      99.9      673.7      32.9          97           97
    23     100.3      698.7      32.9          97           97
    23     100.3      723.7      32.8          97           97
    23      99.9      748.7      32.9          97           97
    23      99.9      773.7      32.9          97           97
    23     100.3      798.7      32.8          97           97
    23      99.9      823.8      32.9          97           97
    23      99.9      848.8      32.8          98           98
    23      99.9      873.8      32.8          98           98
    23      99.9      898.8      32.9          98           98
    23     100.3      923.8      32.8          99           99
    23     100.3      948.8      32.8          99           99
    23     100.3      973.8      32.7          99           99
    23      99.9      998.8      32.8         100          100
    23      99.9      998.8      32.8         100          100
    24      99.9       23.6      33.1          98           98
    24      99.9       48.6      33.1          97           97
    24     100.3       73.6      33.1          97           97
    24      99.9       98.6      33.1          97           97
    24      99.9      123.6      33.0          98           98
    24     100.3      148.6      33.0          98           98
    24     100.3      173.6      33.1          98           98
    24     100.3      198.7      33.0          99           99
    24     100.3      223.7      33.0          99           99
    24      99.1      248.6      33.0         100          100
    24      99.9      273.7      32.9         100          100
    24      99.5      298.7      32.9         100          100
    24     100.3      323.7      33.0         100          100
    24      99.9      348.7      33.0         100          100
    24     100.3      373.7      33.0         100          100
    24      98.3      398.7      32.9         101          101
    24      99.9      423.7      32.9         100          100
    24      99.1      448.7      32.9         101          101
    24      99.9      473.7      32.9         102          102
    24     100.3      498.7      32.9         102          102
    24     100.8      523.7      32.9         103          103
    24     100.3      548.7      32.9         103          103
    24      99.9      573.7      32.9         103          103
    24      99.9      598.7      32.9         104          104
    24      99.9      623.7      32.8         104          104
    24     100.3      648.7      32.8         105          105
    24     100.3      673.7      32.9         105          105
    24     100.3      698.7      32.9         105          105
    24     100.3      723.7      32.9         106          106
    24      99.1      748.7      32.8         106          106
    24     100.8      773.8      32.8         106          106
    24      99.1      798.7      32.8         107          107
    24      99.9      823.7      32.8         107          107
    24     100.3      848.7      32.8         108          108
    24     100.3      873.8      32.8         108          108
    24     100.3      898.8      32.7         108          108
    24     100.3      923.8      32.8         109          109
    24      96.2      947.9      32.8         109          109
    24      98.3      972.1      32.8         109          109
    24      98.3      996.6      32.7         109          109

End of instrument data file.


Terminate file logging operation now
and press any key to continue.


________________________________________________________________
Configuration: WTS-125M-FV               CF2 V2_11 of Jun  3 2021

               _________________________________
                   Offload/Display Data File
               _________________________________
                   Sat Aug 20 16:02:35 2022

          <1> Display ALL data
          <2> Display event summary data
          <3> Display pump data
          <4> EEPROM data backup cache
          <M> Main Menu

          Selection [] ? 