7

________________________________________________________________
Configuration: WTS-125M-FV               CF2 V2_11 of Jun  3 2021

               _________________________________
                   Offload/Display Data File
               _________________________________
                   Wed Aug 16 11:34:35 2023

          <1> Display ALL data
          <2> Display event summary data
          <3> Display pump data
          <4> EEPROM data backup cache
          <M> Main Menu

          Selection [] ? 1

 Start the capture file now.
  
 Then, press any key to start the transfer.  The data
 file will remain in memory and is not erased by this
 offload procedure.


 Software version:  WTS-2_11
 Compiled:          Jun  3 2021 08:05:03
 Electronics S/N:   ML15043-03

 Data start:        08/31/2022 11:06:46
 Data stop:         08/12/2023 00:12:19

______

HEADER
______


 Lake Superior Western Mooring
 2022-2023
 Tim Suder & Joe Werne

________________

EVENT PARAMETERS
________________


                                |Flush  |Sample Time  
                                |Vol    |Vol    Limit 

 Event  1: 09/01/2022 00:00:00  |100    |1000   21    |NA       
 Event  2: 09/16/2022 00:00:00  |100    |1000   21    |NA       
 Event  3: 10/01/2022 00:00:00  |100    |1000   21    |NA       
 Event  4: 10/16/2022 00:00:00  |100    |1000   21    |NA       
 Event  5: 10/31/2022 00:00:00  |100    |1000   21    |NA       
 Event  6: 11/15/2022 00:00:00  |100    |1000   21    |NA       
 Event  7: 11/30/2022 00:00:00  |100    |1000   21    |NA       
 Event  8: 12/15/2022 00:00:00  |100    |1000   21    |NA       
 Event  9: 12/30/2022 00:00:00  |100    |1000   21    |NA       
 Event 10: 01/14/2023 00:00:00  |100    |1000   21    |NA       
 Event 11: 01/29/2023 00:00:00  |100    |1000   21    |NA       
 Event 12: 02/13/2023 00:00:00  |100    |1000   21    |NA       
 Event 13: 02/28/2023 00:00:00  |100    |1000   21    |NA       
 Event 14: 03/15/2023 00:00:00  |100    |1000   21    |NA       
 Event 15: 03/30/2023 00:00:00  |100    |1000   21    |NA       
 Event 16: 04/14/2023 00:00:00  |100    |1000   21    |NA       
 Event 17: 04/29/2023 00:00:00  |100    |1000   21    |NA       
 Event 18: 05/14/2023 00:00:00  |100    |1000   21    |NA       
 Event 19: 05/29/2023 00:00:00  |100    |1000   21    |NA       
 Event 20: 06/13/2023 00:00:00  |100    |1000   21    |NA       
 Event 21: 06/28/2023 00:00:00  |100    |1000   21    |NA       
 Event 22: 07/13/2023 00:00:00  |100    |1000   21    |NA       
 Event 23: 07/28/2023 00:00:00  |100    |1000   21    |NA       
 Event 24: 08/12/2023 00:00:00  |100    |1000   21    |NA       

Pump data period: 15 seconds
Available fixative at start of deployment: 198.6

_______________

DEPLOYMENT DATA
_______________

Event   |                        |Start                |Internal |Battery |Volume     |        |Procedure                     
Number  |Procedure               |Time                 |Temp.    |Voltage |Pumped     |Duration|Result                        
        |                        |                     |         |        |           |        |                              
       1|Water Flush             |  09/01/2022 00:00:02|      4.5|    34.2|        100|      61| Volume reached
       1|Sample                  |  09/01/2022 00:01:14|      5.1|    34.9|       1000|     601| Volume reached
        |                        |                     |         |        |           |        |                              
       2|Water Flush             |  09/16/2022 00:00:02|      4.5|    33.9|        100|      61| Volume reached
       2|Sample                  |  09/16/2022 00:01:20|      5.2|    34.4|       1000|     601| Volume reached
        |                        |                     |         |        |           |        |                              
       3|Water Flush             |  10/01/2022 00:00:02|      4.6|    33.5|        100|      61| Volume reached
       3|Sample                  |  10/01/2022 00:01:25|      5.4|    34.1|       1000|     601| Volume reached
        |                        |                     |         |        |           |        |                              
       4|Water Flush             |  10/16/2022 00:00:02|      6.8|    33.3|        100|      61| Volume reached
       4|Sample                  |  10/16/2022 00:01:30|      7.8|    33.9|       1000|     601| Volume reached
        |                        |                     |         |        |           |        |                              
       5|Water Flush             |  10/31/2022 00:00:02|      7.5|    33.0|        100|      61| Volume reached
       5|Sample                  |  10/31/2022 00:01:35|      8.5|    33.7|       1000|     601| Volume reached
        |                        |                     |         |        |           |        |                              
       6|Water Flush             |  11/15/2022 00:00:02|      5.9|    32.5|        100|      61| Volume reached
       6|Sample                  |  11/15/2022 00:01:41|      7.0|    33.2|       1000|     601| Volume reached
        |                        |                     |         |        |           |        |                              
       7|Water Flush             |  11/30/2022 00:00:02|      4.8|    32.4|        100|      61| Volume reached
       7|Sample                  |  11/30/2022 00:01:46|      6.1|    33.0|       1000|     601| Volume reached
        |                        |                     |         |        |           |        |                              
       8|Water Flush             |  12/15/2022 00:00:02|      4.4|    32.1|        100|      61| Volume reached
       8|Sample                  |  12/15/2022 00:01:51|      5.9|    32.6|       1000|     601| Volume reached
        |                        |                     |         |        |           |        |                              
       9|Water Flush             |  12/30/2022 00:00:02|      3.8|    32.1|        100|      61| Volume reached
       9|Sample                  |  12/30/2022 00:01:56|      5.4|    32.5|       1000|     601| Volume reached
        |                        |                     |         |        |           |        |                              
      10|Water Flush             |  01/14/2023 00:00:02|      3.2|    31.7|        100|      61| Volume reached
      10|Sample                  |  01/14/2023 00:02:02|      4.9|    32.1|       1000|     601| Volume reached
        |                        |                     |         |        |           |        |                              
      11|Water Flush             |  01/29/2023 00:00:02|      2.8|    31.6|        100|      61| Volume reached
      11|Sample                  |  01/29/2023 00:02:07|      4.7|    31.9|       1000|     601| Volume reached
        |                        |                     |         |        |           |        |                              
      12|Water Flush             |  02/13/2023 00:00:02|      2.3|    31.4|        100|      61| Volume reached
      12|Sample                  |  02/13/2023 00:02:12|      4.3|    31.6|       1000|     602| Volume reached
        |                        |                     |         |        |           |        |                              
      13|Water Flush             |  02/28/2023 00:00:02|      1.5|    31.2|        100|      61| Volume reached
      13|Sample                  |  02/28/2023 00:02:13|      3.5|    31.2|       1000|     602| Volume reached
        |                        |                     |         |        |           |        |                              
      14|Water Flush             |  03/15/2023 00:00:02|      1.4|    30.5|        101|      62| Volume reached
      14|Sample                  |  03/15/2023 00:02:08|      3.0|    30.3|       1000|     601| Volume reached
        |                        |                     |         |        |           |        |                              
      15|Water Flush             |  03/30/2023 00:00:02|      1.6|    30.0|        101|      62| Volume reached
      15|Sample                  |  03/30/2023 00:02:03|      3.1|    29.6|       1000|     602| Volume reached
        |                        |                     |         |        |           |        |                              
      16|Water Flush             |  04/14/2023 00:00:02|      2.0|    30.0|        101|      62| Volume reached
      16|Sample                  |  04/14/2023 00:01:58|      3.4|    29.6|       1000|     602| Volume reached
        |                        |                     |         |        |           |        |                              
      17|Water Flush             |  04/29/2023 00:00:03|      2.1|    30.3|        101|      62| Volume reached
      17|Sample                  |  04/29/2023 00:01:53|      3.4|    29.8|       1000|     601| Volume reached
        |                        |                     |         |        |           |        |                              
      18|Water Flush             |  05/14/2023 00:00:03|      2.4|    30.4|        100|      61| Volume reached
      18|Sample                  |  05/14/2023 00:01:47|      3.6|    30.1|       1000|     601| Volume reached
        |                        |                     |         |        |           |        |                              
      19|Water Flush             |  05/29/2023 00:00:03|      2.9|    30.5|        100|      61| Volume reached
      19|Sample                  |  05/29/2023 00:01:42|      4.0|    30.3|       1000|     602| Volume reached
        |                        |                     |         |        |           |        |                              
      20|Water Flush             |  06/13/2023 00:00:03|      3.4|    30.6|        100|      61| Volume reached
      20|Sample                  |  06/13/2023 00:01:37|      4.3|    30.3|       1000|     601| Volume reached
        |                        |                     |         |        |           |        |                              
      21|Water Flush             |  06/28/2023 00:00:03|      3.8|    30.6|        100|      61| Volume reached
      21|Sample                  |  06/28/2023 00:01:32|      4.6|    30.4|       1000|     601| Volume reached
        |                        |                     |         |        |           |        |                              
      22|Water Flush             |  07/13/2023 00:00:03|      4.3|    30.7|        100|      61| Volume reached
      22|Sample                  |  07/13/2023 00:01:26|      5.0|    30.4|       1000|     601| Volume reached
        |                        |                     |         |        |           |        |                              
      23|Water Flush             |  07/28/2023 00:00:03|      4.4|    30.6|        100|      62| Volume reached
      23|Sample                  |  07/28/2023 00:01:21|      5.0|    30.4|       1000|     601| Volume reached
        |                        |                     |         |        |           |        |                              
      24|Water Flush             |  08/12/2023 00:00:03|      4.4|    30.5|        100|      62| Volume reached
      24|Sample                  |  08/12/2023 00:01:16|      4.9|    30.3|       1000|     602| Volume reached

____________

PUMPING DATA
____________


 Pump data period = 15 seconds

  [event#]  [ml/min]    [ml]     [Vbat]    [Av. Cur]    [High Cur]

     1      99.9       23.8      35.2          95           95
     1     100.3       48.8      35.2          95           95
     1     100.3       73.8      35.1          95           95
     1      99.9       98.8      35.2          95           95
     1     100.3      123.8      35.2          95           95
     1      99.5      148.8      35.2          94           94
     1     100.3      173.8      35.1          94           94
     1     100.3      198.8      35.2          94           94
     1      99.9      223.8      35.2          94           94
     1     100.3      248.8      35.1          94           94
     1     100.3      273.9      35.2          94           94
     1      99.9      298.9      35.2          94           94
     1     100.3      323.9      35.2          94           94
     1      99.9      348.9      35.2          94           94
     1      99.9      373.9      35.2          95           95
     1      99.9      398.9      35.2          94           94
     1      99.9      423.9      35.2          94           94
     1      99.9      448.9      35.2          95           95
     1      99.9      473.9      35.1          94           94
     1     100.3      498.9      35.1          94           94
     1      99.9      523.9      35.2          94           94
     1      99.9      548.9      35.1          94           94
     1      99.9      573.9      35.1          94           94
     1     100.3      599.0      35.1          94           94
     1      99.9      624.0      35.1          94           94
     1      99.5      649.0      35.1          95           95
     1      99.9      674.0      35.1          95           95
     1      99.9      699.0      35.1          95           95
     1      99.9      724.0      35.1          95           95
     1      99.9      749.0      35.0          95           95
     1     100.3      774.0      35.0          95           95
     1      99.9      799.0      35.0          95           95
     1      99.9      824.0      35.1          95           95
     1      99.9      849.0      35.1          96           96
     1      99.9      874.0      35.0          96           96
     1     100.3      899.0      35.1          96           96
     1      99.9      924.0      35.0          95           95
     1      99.9      949.0      35.1          95           95
     1      99.5      974.1      35.0          95           95
     1      99.9      999.1      35.1          95           95
     1      99.9      999.1      35.1          95           95
     2     100.3       23.7      34.7          87           87
     2      99.9       48.7      34.7          88           88
     2     100.3       73.7      34.7          88           88
     2      99.9       98.7      34.7          88           88
     2      99.9      123.8      34.7          88           88
     2     100.3      148.8      34.7          88           88
     2      99.5      173.8      34.6          88           88
     2      99.9      198.8      34.7          88           88
     2     100.3      223.8      34.6          88           88
     2     100.3      248.8      34.7          88           88
     2      99.9      273.8      34.6          88           88
     2      99.9      298.8      34.6          88           88
     2     100.3      323.8      34.6          88           88
     2      99.9      348.8      34.7          88           88
     2      99.9      373.8      34.7          88           88
     2     100.3      398.9      34.6          88           88
     2      99.9      423.9      34.6          88           88
     2      99.9      448.9      34.7          88           88
     2      99.9      473.9      34.7          88           88
     2      99.9      498.9      34.6          89           89
     2      99.9      523.9      34.7          89           89
     2      99.9      548.9      34.6          89           89
     2      99.9      573.9      34.6          89           89
     2      99.9      598.9      34.6          89           89
     2      99.9      623.9      34.6          89           89
     2      99.9      648.9      34.6          89           89
     2      99.9      673.9      34.6          89           89
     2      99.9      698.9      34.6          90           90
     2      99.9      724.0      34.6          89           89
     2      99.9      749.0      34.6          89           89
     2      99.9      774.0      34.6          90           90
     2      99.9      799.0      34.5          90           90
     2      99.9      824.0      34.5          90           90
     2      99.9      849.0      34.6          90           90
     2      99.9      874.0      34.6          90           90
     2      99.9      899.0      34.5          90           90
     2     100.3      924.0      34.6          90           90
     2     100.3      949.0      34.6          90           90
     2      99.9      974.0      34.5          90           90
     2      99.9      999.0      34.5          90           90
     2      99.9      999.0      34.5          90           90
     3     100.3       23.7      34.3          93           93
     3      99.9       48.7      34.3          94           94
     3      99.9       73.7      34.3          94           94
     3      99.9       98.7      34.3          95           95
     3      99.9      123.7      34.4          95           95
     3      99.9      148.7      34.2          95           95
     3     100.3      173.8      34.4          95           95
     3      99.9      198.8      34.3          95           95
     3      99.9      223.8      34.3          95           95
     3      99.9      248.8      34.3          95           95
     3      99.5      273.8      34.4          94           94
     3      99.9      298.8      34.3          94           94
     3      99.9      323.8      34.3          94           94
     3     100.3      348.8      34.2          94           94
     3     100.3      373.8      34.3          94           94
     3      99.9      398.8      34.3          94           94
     3     100.3      423.8      34.3          94           94
     3     100.3      448.9      34.2          95           95
     3     100.3      473.9      34.3          95           95
     3      99.9      498.9      34.3          95           95
     3     100.3      523.9      34.3          95           95
     3      99.9      548.9      34.2          96           96
     3      99.9      573.9      34.2          95           95
     3      99.9      598.9      34.2          96           96
     3      99.9      623.9      34.3          96           96
     3     100.3      648.9      34.2          96           96
     3     100.3      673.9      34.2          96           96
     3      99.9      698.9      34.2          96           96
     3     100.3      723.9      34.1          96           96
     3      99.9      748.9      34.2          96           96
     3     100.3      773.9      34.2          97           97
     3      99.9      799.0      34.2          96           96
     3     100.3      824.0      34.2          96           96
     3      99.9      849.0      34.2          97           97
     3      99.9      874.0      34.2          97           97
     3      99.9      899.0      34.2          97           97
     3     100.3      924.0      34.2          97           97
     3      99.5      949.0      34.2          97           97
     3      99.9      974.0      34.2          97           97
     3     100.3      999.0      34.2          97           97
     3     100.3      999.0      34.2          97           97
     4     100.3       23.7      34.1          91           91
     4      99.9       48.7      34.2          91           91
     4      99.9       73.7      34.1          91           91
     4      99.9       98.8      34.1          91           91
     4      99.9      123.8      34.2          91           91
     4      99.9      148.8      34.2          91           91
     4      99.9      173.8      34.2          91           91
     4     100.3      198.8      34.2          91           91
     4      99.9      223.8      34.2          91           91
     4      99.9      248.8      34.2          91           91
     4      99.9      273.8      34.2          92           92
     4      99.9      298.8      34.1          92           92
     4      99.9      323.8      34.2          92           92
     4      99.9      348.8      34.1          92           92
     4     100.3      373.9      34.1          92           92
     4     100.3      398.9      34.1          92           92
     4      99.9      423.9      34.1          92           92
     4      99.9      448.9      34.1          92           92
     4      99.9      473.9      34.1          92           92
     4      99.9      498.9      34.1          92           92
     4      99.5      523.9      34.1          92           92
     4      99.9      548.9      34.1          92           92
     4      99.9      573.9      34.1          92           92
     4      99.9      598.9      34.1          93           93
     4      99.9      623.9      34.1          93           93
     4      99.9      648.9      34.1          93           93
     4      99.9      673.9      34.1          93           93
     4     100.3      699.0      34.0          93           93
     4      99.9      724.0      34.0          93           93
     4      99.9      749.0      34.1          93           93
     4      99.9      774.0      34.1          93           93
     4      99.9      799.0      34.0          93           93
     4      99.9      824.0      34.0          93           93
     4      99.9      849.0      34.0          93           93
     4      99.9      874.0      34.0          93           93
     4      99.9      899.0      34.0          93           93
     4      99.5      924.0      34.0          94           94
     4      99.9      949.0      34.0          94           94
     4      99.9      974.0      34.0          94           94
     4     100.3      999.0      34.0          94           94
     4     100.3      999.0      34.0          94           94
     5      99.9       23.7      33.9          80           80
     5     100.3       48.7      33.9          80           80
     5     100.3       73.7      33.8          80           80
     5      99.9       98.7      33.9          80           80
     5      99.9      123.7      33.9          80           80
     5      99.9      148.8      33.9          80           80
     5     100.3      173.8      33.9          80           80
     5     100.3      198.8      34.0          80           80
     5      99.9      223.8      33.9          80           80
     5      99.9      248.8      33.9          80           80
     5      99.9      273.8      33.9          80           80
     5     100.3      298.8      33.9          80           80
     5     100.3      323.8      33.9          80           80
     5      99.9      348.8      33.9          81           81
     5      99.9      373.8      33.9          81           81
     5     100.3      398.8      33.9          81           81
     5     100.3      423.8      33.8          81           81
     5     100.3      448.9      33.8          82           82
     5      99.9      473.9      33.9          82           82
     5      99.9      498.9      33.9          82           82
     5      99.9      523.9      33.9          82           82
     5     100.3      548.9      33.8          82           82
     5     100.3      573.9      33.9          82           82
     5      99.9      598.9      33.9          82           82
     5     100.3      623.9      33.9          82           82
     5      99.9      648.9      33.9          82           82
     5      99.9      673.9      33.9          82           82
     5      99.9      698.9      33.8          82           82
     5      99.9      723.9      33.9          82           82
     5     100.3      748.9      33.8          82           82
     5     100.3      774.0      33.8          83           83
     5      99.9      799.0      33.9          82           82
     5      99.9      824.0      33.9          83           83
     5      99.5      849.0      33.8          83           83
     5     100.3      874.0      33.7          83           83
     5     100.3      899.0      33.8          82           82
     5      99.5      924.0      33.8          82           82
     5      99.9      949.0      33.8          82           82
     5      99.9      974.0      33.8          82           82
     5     100.3      999.0      33.8          83           83
     5     100.3      999.0      33.8          83           83
     6      99.9       23.6      33.5          89           89
     6      99.9       48.6      33.5          89           89
     6      99.9       73.7      33.5          89           89
     6      99.9       98.7      33.5          88           88
     6      99.9      123.7      33.6          88           88
     6      99.9      148.7      33.4          88           88
     6      99.9      173.7      33.5          88           88
     6      99.9      198.7      33.4          88           88
     6      99.9      223.7      33.5          88           88
     6     100.3      248.7      33.4          88           88
     6      99.9      273.7      33.5          88           88
     6      99.9      298.8      33.5          89           89
     6      99.9      323.8      33.6          88           88
     6      99.9      348.8      33.4          88           88
     6      99.9      373.8      33.4          88           88
     6      99.9      398.8      33.5          88           88
     6     100.3      423.8      33.4          88           88
     6      99.9      448.8      33.5          88           88
     6     100.3      473.8      33.5          88           88
     6      99.5      498.8      33.4          88           88
     6     100.3      523.8      33.5          88           88
     6      99.9      548.8      33.5          88           88
     6     100.3      573.9      33.4          88           88
     6      99.9      598.9      33.5          88           88
     6      99.9      623.9      33.5          88           88
     6      99.9      648.9      33.5          88           88
     6      99.9      673.9      33.5          88           88
     6     100.3      698.9      33.4          88           88
     6      99.9      723.9      33.4          88           88
     6      99.9      748.9      33.4          88           88
     6      99.9      773.9      33.4          88           88
     6      99.5      798.9      33.4          88           88
     6     100.3      823.9      33.4          88           88
     6      99.9      848.9      33.4          89           89
     6      99.9      873.9      33.4          89           89
     6      99.9      898.9      33.4          89           89
     6     100.3      924.0      33.4          89           89
     6      99.9      949.0      33.4          89           89
     6     100.3      974.0      33.3          89           89
     6     100.3      999.0      33.4          88           88
     6     100.3      999.0      33.4          88           88
     7     100.3       23.6      33.2          85           85
     7     100.3       48.6      33.3          85           85
     7     100.3       73.6      33.2          85           85
     7      99.9       98.6      33.3          86           86
     7      99.9      123.7      33.2          86           86
     7     100.3      148.7      33.3          86           86
     7      99.9      173.7      33.3          86           86
     7      99.9      198.7      33.3          87           87
     7      99.9      223.7      33.3          87           87
     7      99.9      248.7      33.3          87           87
     7      99.9      273.7      33.2          87           87
     7      99.5      298.7      33.3          87           87
     7      99.9      323.7      33.2          87           87
     7     100.3      348.7      33.2          87           87
     7     100.3      373.7      33.3          87           87
     7      99.9      398.8      33.3          86           86
     7      99.9      423.8      33.2          87           87
     7      99.9      448.8      33.2          87           87
     7      99.9      473.8      33.1          87           87
     7     100.3      498.8      33.3          87           87
     7      99.9      523.8      33.2          87           87
     7      99.9      548.8      33.1          87           87
     7     100.3      573.8      33.2          87           87
     7      99.9      598.8      33.2          87           87
     7      99.9      623.8      33.2          88           88
     7      99.9      648.8      33.2          88           88
     7      99.9      673.8      33.2          88           88
     7      99.9      698.9      33.2          88           88
     7      99.9      723.9      33.2          87           87
     7      99.9      748.9      33.2          87           87
     7      99.9      773.9      33.2          87           87
     7     100.3      798.9      33.0          87           87
     7      99.9      823.9      33.2          87           87
     7     100.3      848.9      33.1          87           87
     7     100.3      873.9      33.0          86           86
     7      99.9      898.9      33.1          87           87
     7     100.3      923.9      33.1          87           87
     7      99.9      948.9      33.1          87           87
     7      99.9      973.9      33.1          87           87
     7      99.9      998.9      33.1          87           87
     7      99.9      998.9      33.1          87           87
     8      99.9       23.6      32.9          91           91
     8     100.3       48.6      32.8          90           90
     8      99.9       73.6      32.9          91           91
     8     100.3       98.6      33.0          91           91
     8      99.9      123.6      32.8          91           91
     8      99.9      148.6      33.0          91           91
     8     100.3      173.6      33.0          91           91
     8      99.9      198.6      32.9          91           91
     8      99.5      223.7      32.9          91           91
     8      99.9      248.7      33.0          91           91
     8      99.9      273.7      32.9          91           91
     8      99.9      298.7      33.0          91           91
     8      99.9      323.7      32.8          92           92
     8      99.9      348.7      32.9          92           92
     8      99.5      373.7      32.9          92           92
     8      99.9      398.7      32.9          92           92
     8      99.9      423.7      32.9          92           92
     8     100.3      448.7      32.9          92           92
     8      99.9      473.8      32.8          92           92
     8     100.3      498.8      32.8          92           92
     8     100.3      523.8      32.9          92           92
     8      99.9      548.8      32.9          92           92
     8      99.9      573.8      32.9          92           92
     8      99.9      598.8      32.9          91           91
     8      99.9      623.8      32.9          91           91
     8      99.9      648.8      32.9          91           91
     8      99.9      673.8      32.9          91           91
     8      99.9      698.8      32.9          91           91
     8      99.9      723.8      32.9          91           91
     8      99.9      748.8      32.8          91           91
     8      99.9      773.8      32.9          91           91
     8      99.9      798.9      32.8          92           92
     8      99.9      823.9      32.8          92           92
     8      99.9      848.9      32.7          92           92
     8      99.5      873.9      32.8          92           92
     8     100.3      898.9      32.7          92           92
     8      99.5      923.9      32.8          92           92
     8      99.9      948.9      32.8          92           92
     8      99.9      973.9      32.6          92           92
     8      99.9      998.9      32.8          92           92
     8      99.9      998.9      32.8          92           92
     9     100.3       23.5      32.6          94           94
     9      99.9       48.6      32.7          95           95
     9     100.3       73.6      32.8          95           95
     9      99.9       98.6      32.7          95           95
     9      99.9      123.6      32.8          95           95
     9     100.3      148.6      32.6          94           94
     9      99.9      173.6      32.7          94           94
     9      99.5      198.6      32.8          95           95
     9     100.3      223.6      32.7          95           95
     9      99.9      248.6      32.7          95           95
     9      99.9      273.7      32.8          95           95
     9      99.9      298.7      32.7          95           95
     9      99.9      323.7      32.8          95           95
     9      99.9      348.7      32.8          95           95
     9     100.3      373.7      32.7          95           95
     9     100.3      398.7      32.6          95           95
     9      99.9      423.7      32.6          95           95
     9      99.9      448.7      32.7          95           95
     9      99.9      473.7      32.7          95           95
     9      99.9      498.7      32.7          95           95
     9     100.3      523.7      32.7          95           95
     9      99.9      548.8      32.7          95           95
     9      99.9      573.8      32.7          96           96
     9      99.9      598.8      32.7          96           96
     9     100.3      623.8      32.6          96           96
     9      99.9      648.8      32.6          96           96
     9      99.9      673.8      32.7          96           96
     9     100.3      698.8      32.6          95           95
     9      99.9      723.8      32.7          96           96
     9      99.9      748.8      32.7          95           95
     9     100.3      773.8      32.5          95           95
     9      99.9      798.8      32.6          94           94
     9      99.9      823.8      32.6          94           94
     9     100.3      848.9      32.7          94           94
     9      99.9      873.9      32.6          94           94
     9      99.9      898.9      32.6          94           94
     9      99.9      923.9      32.6          94           94
     9      99.9      948.9      32.6          95           95
     9     100.3      973.9      32.5          95           95
     9     100.3      998.9      32.6          96           96
     9     100.3      998.9      32.6          96           96
    10      99.9       23.5      32.4          92           92
    10      99.9       48.5      32.4          94           94
    10      99.9       73.5      32.5          94           94
    10      99.9       98.5      32.5          95           95
    10      99.9      123.6      32.5          95           95
    10      99.9      148.6      32.5          95           95
    10     100.3      173.6      32.5          95           95
    10      99.9      198.6      32.5          95           95
    10      99.9      223.6      32.5          95           95
    10      99.9      248.6      32.5          95           95
    10     100.3      273.6      32.4          95           95
    10      99.9      298.6      32.4          95           95
    10      99.9      323.6      32.5          95           95
    10      99.9      348.7      32.5          95           95
    10     100.3      373.7      32.5          95           95
    10     100.3      398.7      32.5          95           95
    10      99.9      423.7      32.5          96           96
    10      99.9      448.7      32.5          95           95
    10     100.3      473.7      32.4          95           95
    10      99.9      498.7      32.4          96           96
    10     100.3      523.7      32.4          96           96
    10      99.9      548.7      32.4          95           95
    10     100.3      573.7      32.4          95           95
    10      99.9      598.7      32.3          95           95
    10      99.9      623.8      32.4          95           95
    10      99.9      648.8      32.4          95           95
    10      99.9      673.8      32.4          95           95
    10      99.9      698.8      32.4          95           95
    10      99.9      723.8      32.4          96           96
    10      99.9      748.8      32.4          96           96
    10     100.3      773.8      32.4          96           96
    10      99.9      798.8      32.4          96           96
    10      99.9      823.8      32.4          96           96
    10      99.9      848.8      32.4          96           96
    10      99.5      873.8      32.3          96           96
    10      99.9      898.8      32.4          95           95
    10     100.3      923.8      32.3          95           95
    10      99.9      948.9      32.3          95           95
    10      99.9      973.9      32.3          95           95
    10      99.5      998.9      32.3          96           96
    10      99.5      998.9      32.3          96           96
    11     100.3       23.5      32.2          97           97
    11     100.3       48.5      32.2          98           98
    11      99.9       73.5      32.1          99           99
    11      99.9       98.5      32.2          99           99
    11     100.3      123.5      32.2          99           99
    11      99.9      148.5      32.2          99           99
    11      99.9      173.6      32.3          99           99
    11      99.9      198.6      32.2          99           99
    11      99.9      223.6      32.2          99           99
    11      99.9      248.6      32.2          98           98
    11      99.9      273.6      32.2          98           98
    11     100.3      298.6      32.2          98           98
    11      99.9      323.6      32.2          99           99
    11      99.9      348.6      32.1          99           99
    11      99.5      373.6      32.2          99           99
    11      99.9      398.6      32.2          99           99
    11      99.9      423.7      32.2          99           99
    11      99.9      448.7      32.2          99           99
    11      99.9      473.7      32.1          99           99
    11      99.9      498.7      32.2          99           99
    11     100.3      523.7      32.1          99           99
    11     100.3      548.7      32.2          99           99
    11      99.9      573.7      32.1          99           99
    11     100.3      598.7      32.1          99           99
    11      99.9      623.7      32.1          99           99
    11     100.3      648.7      32.0          99           99
    11      99.9      673.7      32.2          99           99
    11      99.9      698.8      32.1         100          100
    11      99.9      723.8      32.1          99           99
    11     100.3      748.8      32.1          99           99
    11     100.3      773.8      32.1         100          100
    11      99.9      798.8      32.1         100          100
    11      99.9      823.8      32.1         100          100
    11     100.3      848.8      31.9         100          100
    11      99.9      873.8      32.1         100          100
    11      99.9      898.8      32.1         100          100
    11      99.9      923.8      32.1         100          100
    11      99.9      948.8      32.0          99           99
    11      99.9      973.8      32.0          99           99
    11     100.3      998.8      32.1          99           99
    11     100.3      998.8      32.1          99           99
    12      99.9       23.4      32.0          99           99
    12      99.5       48.4      31.9          99           99
    12      99.9       73.5      32.0          99           99
    12      99.5       98.5      32.0          99           99
    12      99.9      123.5      32.0          98           98
    12      99.9      148.5      32.0          98           98
    12      99.9      173.5      32.0          98           98
    12     100.3      198.5      31.8          98           98
    12     100.3      223.5      31.9          98           98
    12      99.9      248.6      32.0          98           98
    12      99.9      273.6      32.0          98           98
    12     100.3      298.6      31.9          99           99
    12      99.5      323.6      32.0          98           98
    12      99.9      348.6      31.9          99           99
    12      99.9      373.6      31.9          98           98
    12      99.9      398.6      32.0          98           98
    12     100.3      423.6      31.9          98           98
    12      99.9      448.6      31.9          98           98
    12      99.9      473.6      32.0          98           98
    12     100.3      498.7      31.8          98           98
    12      99.5      523.7      31.9          98           98
    12      99.9      548.7      31.8          99           99
    12      99.9      573.7      31.8          99           99
    12      99.9      598.7      31.9          99           99
    12     100.3      623.7      31.8          99           99
    12      99.9      648.7      31.9          99           99
    12      99.9      673.7      31.9          99           99
    12      99.9      698.7      31.9          98           98
    12      99.9      723.7      31.9          98           98
    12     100.3      748.7      31.7          98           98
    12      99.9      773.8      31.9          98           98
    12     100.3      798.8      31.8          98           98
    12      99.9      823.8      31.8          98           98
    12     100.3      848.8      31.8          99           99
    12      99.9      873.8      31.7          99           99
    12      99.9      898.8      31.8          99           99
    12     100.3      923.8      31.7          99           99
    12      99.9      948.8      31.9          99           99
    12      99.9      973.8      31.8          99           99
    12     100.3      998.8      31.6          99           99
    12     100.3      998.8      31.6          99           99
    13      99.9       23.4      31.6          93           93
    13      99.9       48.4      31.6          95           95
    13      99.9       73.4      31.6          95           95
    13     100.3       98.4      31.7          95           95
    13      99.9      123.4      31.6          94           94
    13      99.9      148.5      31.5          94           94
    13      99.9      173.5      31.6          94           94
    13     100.3      198.5      31.6          94           94
    13      99.9      223.5      31.6          94           94
    13      99.9      248.5      31.5          94           94
    13     100.3      273.5      31.6          94           94
    13      99.9      298.5      31.5          94           94
    13     100.3      323.5      31.6          94           94
    13     100.3      348.6      31.5          94           94
    13     100.3      373.6      31.5          95           95
    13      99.9      398.6      31.5          95           95
    13     100.3      423.6      31.6          95           95
    13      99.9      448.6      31.4          95           95
    13      99.9      473.6      31.6          95           95
    13      99.9      498.6      31.5          95           95
    13     100.3      523.6      31.5          95           95
    13      99.9      548.6      31.5          95           95
    13      99.9      573.6      31.5          95           95
    13      99.9      598.6      31.5          95           95
    13      99.9      623.7      31.5          95           95
    13      99.5      648.7      31.5          95           95
    13     100.3      673.7      31.5          95           95
    13      99.9      698.7      31.5          95           95
    13      99.9      723.7      31.5          95           95
    13      99.9      748.7      31.5          96           96
    13      99.9      773.7      31.5          96           96
    13     100.3      798.7      31.4          96           96
    13      99.9      823.7      31.5          96           96
    13      99.9      848.7      31.4          96           96
    13      99.9      873.7      31.5          96           96
    13      99.9      898.7      31.4          96           96
    13      99.9      923.8      31.4          95           95
    13      99.9      948.8      31.4          95           95
    13      99.9      973.8      31.3          95           95
    13      99.9      998.8      31.4          96           96
    13      99.9      998.8      31.4          96           96
    14      99.9       23.3      30.7          95           95
    14     100.3       48.3      30.7          96           96
    14      99.9       73.3      30.7          97           97
    14      99.9       98.3      30.6          97           97
    14     100.3      123.4      30.8          97           97
    14     100.3      148.4      30.6          97           97
    14      99.9      173.4      30.7          97           97
    14      99.9      198.4      30.6          97           97
    14      99.9      223.4      30.7          97           97
    14      99.9      248.4      30.6          97           97
    14      99.9      273.4      30.6          97           97
    14      99.9      298.4      30.6          97           97
    14     100.3      323.4      30.5          97           97
    14      99.9      348.5      30.5          98           98
    14      99.9      373.5      30.4          98           98
    14     100.3      398.5      30.5          98           98
    14     100.3      423.5      30.4          98           98
    14      99.9      448.5      30.6          98           98
    14     100.8      473.5      30.3          98           98
    14      99.9      498.5      30.6          98           98
    14      99.9      523.5      30.6          98           98
    14      99.9      548.5      30.7          98           98
    14     100.3      573.6      30.6          98           98
    14      99.9      598.6      30.7          98           98
    14      99.9      623.6      30.6          98           98
    14      99.9      648.6      30.6          98           98
    14      99.9      673.6      30.6          98           98
    14     100.3      698.6      30.7          98           98
    14      99.5      723.6      30.7          98           98
    14     100.8      748.6      30.6          98           98
    14      99.9      773.6      30.6          97           97
    14     100.3      798.7      30.6          97           97
    14      99.9      823.7      30.6          98           98
    14      99.9      848.7      30.6          98           98
    14      99.9      873.7      30.6          98           98
    14      99.9      898.7      30.6          98           98
    14     100.3      923.7      30.6          98           98
    14     100.3      948.7      30.5          98           98
    14      99.9      973.7      30.5          98           98
    14     100.3      998.7      30.6          98           98
    14     100.3      998.7      30.6          98           98
    15      99.9       23.2      29.8          94           94
    15      99.9       48.3      30.1          97           97
    15      99.9       73.3      30.1          97           97
    15     100.3       98.3      30.1          97           97
    15      99.9      123.3      30.1          97           97
    15      99.9      148.3      29.8          97           97
    15      99.9      173.3      30.1          97           97
    15     100.3      198.3      29.8          98           98
    15      99.9      223.4      29.9          98           98
    15      99.9      248.4      30.1          98           98
    15      99.9      273.4      30.0          98           98
    15     100.3      298.4      30.0          98           98
    15     100.3      323.4      29.8          98           98
    15     100.3      348.4      30.0          98           98
    15      99.5      373.4      30.0          98           98
    15      99.9      398.4      30.0          98           98
    15     100.3      423.4      30.0          98           98
    15      99.5      448.4      30.0          98           98
    15     100.3      473.5      30.0          98           98
    15      99.9      498.5      29.9          99           99
    15     100.3      523.5      30.0          98           98
    15     100.3      548.5      29.8          98           98
    15      99.9      573.5      30.0          98           98
    15     100.3      598.5      29.9          98           98
    15     100.3      623.5      29.9          98           98
    15     100.3      648.5      30.0          98           98
    15      99.9      673.5      30.0          98           98
    15     100.3      698.5      30.0          98           98
    15      99.9      723.6      30.0          98           98
    15     100.3      748.6      30.0          98           98
    15     100.3      773.6      30.0          98           98
    15      99.9      798.6      30.0          98           98
    15      99.9      823.6      29.7          99           99
    15      99.9      848.6      30.0          99           99
    15      99.9      873.6      29.9          98           98
    15     100.3      898.6      29.9          99           99
    15      99.9      923.6      30.0          99           99
    15      99.9      948.6      30.0          99           99
    15     100.3      973.6      29.9          99           99
    15      99.9      998.7      29.6          99           99
    15      99.9      998.7      29.6          99           99
    16      99.9       23.2      30.1          98           98
    16      99.9       48.3      30.2         100          100
    16      99.9       73.3      30.2         101          101
    16      99.9       98.3      30.2         100          100
    16      99.9      123.3      30.2         100          100
    16     100.3      148.3      30.1         101          101
    16     100.3      173.3      30.2         101          101
    16      99.9      198.3      30.2         101          101
    16      99.9      223.4      30.1         101          101
    16     100.3      248.4      30.1         101          101
    16     100.3      273.4      29.8         101          101
    16      99.9      298.4      30.1         101          101
    16      99.5      323.4      30.1         101          101
    16      99.9      348.4      30.0         101          101
    16     100.3      373.4      29.9         101          101
    16     100.3      398.4      30.0         101          101
    16     100.3      423.4      29.9         101          101
    16     100.3      448.5      30.1         101          101
    16      99.9      473.5      29.8         101          101
    16      99.9      498.5      30.1         101          101
    16      99.9      523.5      30.0         101          101
    16      99.9      548.5      30.0         101          101
    16      99.9      573.5      30.1         101          101
    16      99.9      598.5      30.0         101          101
    16     100.3      623.5      30.0         102          102
    16      99.5      648.5      30.0         102          102
    16     100.3      673.6      30.0         102          102
    16     100.3      698.6      30.0         101          101
    16     100.3      723.6      30.0         101          101
    16      99.9      748.6      30.0         100          100
    16     100.3      773.6      30.0         100          100
    16      99.9      798.6      30.0         100          100
    16      99.9      823.6      29.8         100          100
    16      99.9      848.6      30.0         101          101
    16      99.9      873.6      29.9         101          101
    16     100.3      898.6      29.7         101          101
    16     100.3      923.6      29.9         101          101
    16      99.9      948.6      29.9         101          101
    16      99.9      973.6      29.7         101          101
    16     100.3      998.7      30.0         102          102
    16     100.3      998.7      30.0         102          102
    17      99.9       23.3      30.3          95           95
    17     100.3       48.3      30.3          96           96
    17     100.3       73.3      30.2          97           97
    17     100.3       98.3      30.2          97           97
    17      99.9      123.3      30.2          97           97
    17      99.9      148.3      30.2          97           97
    17     100.3      173.4      30.3          97           97
    17     100.3      198.4      30.3          98           98
    17      99.9      223.4      30.4          98           98
    17      99.9      248.4      30.4          98           98
    17     100.3      273.4      30.3          98           98
    17     100.3      298.4      30.1          98           98
    17      99.9      323.4      30.3          98           98
    17      99.9      348.4      30.3          98           98
    17      99.9      373.4      30.2          98           98
    17     100.3      398.5      30.3          99           99
    17      99.9      423.5      30.0          99           99
    17      99.9      448.5      30.3          99           99
    17      99.9      473.5      30.1          99           99
    17      99.9      498.5      30.2          99           99
    17     100.3      523.5      30.0          99           99
    17     100.3      548.5      30.2          99           99
    17     100.3      573.5      30.3          99           99
    17      99.9      598.5      30.2          98           98
    17      99.9      623.5      30.2          98           98
    17     100.3      648.6      30.1          98           98
    17      99.9      673.6      30.2          98           98
    17      99.9      698.6      30.1          99           99
    17      99.9      723.6      30.2          99           99
    17      99.9      748.6      30.1          99           99
    17      99.9      773.6      30.1          99           99
    17     100.3      798.6      30.1          99           99
    17      99.9      823.6      30.1          99           99
    17      99.9      848.6      29.9          99           99
    17      99.9      873.6      30.1         100          100
    17     100.3      898.7      29.8         100          100
    17      99.9      923.7      30.0         100          100
    17      99.9      948.7      30.1          99           99
    17      99.9      973.7      29.8         100          100
    17      99.9      998.7      30.1         100          100
    17      99.9      998.7      30.1         100          100
    18      99.9       23.3      30.6          98           98
    18      99.9       48.3      30.6          99           99
    18      99.9       73.3      30.6          99           99
    18      99.9       98.4      30.5          99           99
    18      99.9      123.4      30.5          99           99
    18      99.9      148.4      30.6          99           99
    18      99.9      173.4      30.3          99           99
    18      99.9      198.4      30.6          99           99
    18      99.9      223.4      30.6          99           99
    18      99.9      248.4      30.6          99           99
    18      99.5      273.4      30.6          99           99
    18      99.9      298.4      30.5         100          100
    18      99.9      323.5      30.5         100          100
    18     100.3      348.5      30.4         100          100
    18      99.9      373.5      30.5         100          100
    18     100.3      398.5      30.3          99           99
    18      99.9      423.5      30.5         100          100
    18     100.3      448.5      30.5         100          100
    18      99.9      473.5      30.3         100          100
    18      99.9      498.5      30.4         100          100
    18      99.9      523.5      30.5         100          100
    18      99.9      548.6      30.5         100          100
    18      99.9      573.6      30.4         100          100
    18      99.9      598.6      30.5         100          100
    18      99.9      623.6      30.5         100          100
    18      99.9      648.6      30.5         100          100
    18     100.3      673.6      30.4         100          100
    18      99.5      698.6      30.3         100          100
    18      99.9      723.6      30.4         100          100
    18      99.9      748.6      30.4         100          100
    18      99.9      773.6      30.3         100          100
    18      99.9      798.6      30.3         101          101
    18      99.9      823.6      30.3         101          101
    18     100.3      848.7      30.2         101          101
    18      99.9      873.7      30.3         101          101
    18      99.9      898.7      30.4         101          101
    18      99.5      923.7      30.4         101          101
    18     100.3      948.7      30.3         101          101
    18      99.9      973.7      30.3         101          101
    18      99.9      998.7      30.1         101          101
    18      99.9      998.7      30.1         101          101
    19      99.9       23.3      30.7          96           96
    19      99.9       48.3      30.7          97           97
    19     100.3       73.4      30.7          96           96
    19      99.9       98.4      30.8          96           96
    19      99.9      123.4      30.6          96           96
    19      99.9      148.4      30.7          96           96
    19      99.9      173.4      30.6          96           96
    19     100.3      198.4      30.6          96           96
    19      99.9      223.4      30.7          96           96
    19      99.9      248.4      30.7          96           96
    19     100.3      273.5      30.7          97           97
    19      99.9      298.5      30.7          97           97
    19     100.3      323.5      30.7          97           97
    19      99.9      348.5      30.7          97           97
    19     100.3      373.5      30.6          97           97
    19      99.9      398.5      30.5          97           97
    19     100.3      423.5      30.4          97           97
    19     100.3      448.5      30.6          97           97
    19      99.9      473.5      30.5          97           97
    19     100.3      498.6      30.6          97           97
    19     100.3      523.6      30.6          97           97
    19      99.9      548.6      30.6          97           97
    19      99.9      573.6      30.5          97           97
    19      99.5      598.6      30.6          97           97
    19      99.9      623.6      30.5          97           97
    19      99.9      648.6      30.6          97           97
    19      99.9      673.6      30.4          97           97
    19      99.9      698.6      30.5          97           97
    19      99.9      723.6      30.5          98           98
    19      99.9      748.6      30.5          98           98
    19      99.9      773.6      30.6          98           98
    19      99.9      798.7      30.5          98           98
    19     100.3      823.7      30.6          97           97
    19     100.3      848.7      30.5          97           97
    19      99.9      873.7      30.4          98           98
    19      99.9      898.7      30.5          98           98
    19      99.9      923.7      30.4          98           98
    19      99.9      948.7      30.3          98           98
    19     100.3      973.7      30.5          98           98
    19     100.3      998.7      30.3          98           98
    19     100.3      998.7      30.3          98           98
    20      99.9       23.3      30.8          96           96
    20     100.3       48.4      30.8         100          100
    20      99.9       73.4      30.8         100          100
    20      99.9       98.4      30.8         100          100
    20     100.3      123.4      30.8         100          100
    20      99.9      148.4      30.8         100          100
    20      99.9      173.4      30.8         100          100
    20      99.9      198.4      30.8         100          100
    20      99.9      223.5      30.8         100          100
    20      99.9      248.5      30.8         100          100
    20      99.9      273.5      30.7         100          100
    20     100.3      298.5      30.7         100          100
    20      99.5      323.5      30.7         100          100
    20      99.5      348.5      30.7         100          100
    20     100.3      373.5      30.7         100          100
    20     100.3      398.5      30.7         100          100
    20     100.3      423.5      30.7         100          100
    20      99.9      448.5      30.7         101          101
    20      99.9      473.6      30.7         101          101
    20      99.9      498.6      30.6         100          100
    20      99.9      523.6      30.6         100          100
    20      99.9      548.6      30.6         100          100
    20      99.9      573.6      30.7         100          100
    20      99.9      598.6      30.7         100          100
    20     100.3      623.6      30.5         100          100
    20     100.3      648.6      30.6         100          100
    20      99.9      673.6      30.6         100          100
    20      99.9      698.6      30.6         101          101
    20     100.3      723.6      30.6         101          101
    20     100.3      748.7      30.4         101          101
    20      99.9      773.7      30.6         101          101
    20     100.3      798.7      30.6         101          101
    20     100.3      823.7      30.6         101          101
    20      99.9      848.7      30.6         101          101
    20      99.9      873.7      30.5         101          101
    20      99.9      898.7      30.5         101          101
    20      99.9      923.7      30.5         101          101
    20      99.9      948.7      30.5         101          101
    20      99.9      973.7      30.6         101          101
    20      99.9      998.7      30.5         102          102
    20      99.9      998.7      30.5         102          102
    21      99.9       23.4      30.8         100          100
    21      99.9       48.4      30.8         101          101
    21     100.3       73.4      30.8         101          101
    21     100.3       98.4      30.8         101          101
    21      99.9      123.4      30.9         101          101
    21      99.9      148.4      30.9         101          101
    21      99.9      173.4      30.8         101          101
    21      99.9      198.5      30.9         101          101
    21      99.9      223.5      30.7         101          101
    21      99.9      248.5      30.9         101          101
    21      99.9      273.5      30.6         101          101
    21     100.3      298.5      30.8         102          102
    21      99.9      323.5      30.6         101          101
    21      99.9      348.5      30.8         102          102
    21      99.9      373.5      30.6         102          102
    21      99.9      398.5      30.8         102          102
    21      99.9      423.5      30.8         102          102
    21      99.9      448.6      30.7         102          102
    21      99.9      473.6      30.7         102          102
    21      99.9      498.6      30.8         102          102
    21      99.9      523.6      30.7         102          102
    21      99.9      548.6      30.7         102          102
    21     100.3      573.6      30.7         102          102
    21      99.9      598.6      30.6         102          102
    21     100.3      623.6      30.7         102          102
    21      99.9      648.6      30.7         102          102
    21      99.9      673.6      30.7         102          102
    21      99.9      698.7      30.6         102          102
    21      99.9      723.7      30.5         102          102
    21      99.9      748.7      30.7         103          103
    21      99.9      773.7      30.6         102          102
    21     100.3      798.7      30.6         102          102
    21      99.9      823.7      30.5         102          102
    21      99.9      848.7      30.6         102          102
    21      99.9      873.7      30.6         102          102
    21      99.9      898.7      30.6         102          102
    21      99.9      923.7      30.6         103          103
    21      99.9      948.7      30.6         103          103
    21      99.9      973.7      30.4         103          103
    21      99.9      998.7      30.6         103          103
    21      99.9      998.7      30.6         103          103
    22     100.3       23.4      30.9          95           95
    22     100.3       48.4      30.9          94           94
    22     100.3       73.4      30.9          94           94
    22      99.9       98.4      30.8          94           94
    22      99.9      123.4      30.9          94           94
    22      99.9      148.4      30.9          94           94
    22      99.9      173.4      30.9          94           94
    22      99.9      198.5      30.8          94           94
    22      99.9      223.5      30.9          94           94
    22     100.3      248.5      30.8          94           94
    22      99.5      273.5      30.8          95           95
    22      99.9      298.5      30.8          94           94
    22     100.3      323.5      30.8          94           94
    22     100.3      348.5      30.7          94           94
    22      99.9      373.5      30.8          95           95
    22      99.9      398.5      30.6          95           95
    22      99.9      423.5      30.8          95           95
    22      99.9      448.6      30.8          95           95
    22      99.9      473.6      30.7          95           95
    22      99.9      498.6      30.7          95           95
    22      99.9      523.6      30.7          95           95
    22     100.3      548.6      30.5          95           95
    22      99.9      573.6      30.7          95           95
    22      99.9      598.6      30.7          95           95
    22      99.9      623.6      30.6          95           95
    22     100.3      648.6      30.7          95           95
    22      99.9      673.6      30.7          95           95
    22      99.9      698.7      30.7          96           96
    22      99.9      723.7      30.6          96           96
    22      99.5      748.7      30.6          95           95
    22      99.9      773.7      30.6          95           95
    22     100.3      798.7      30.7          95           95
    22     100.3      823.7      30.6          95           95
    22     100.3      848.7      30.6          95           95
    22      99.9      873.7      30.6          95           95
    22     100.3      898.7      30.6          96           96
    22      99.9      923.7      30.6          96           96
    22      99.9      948.7      30.6          96           96
    22     100.3      973.7      30.4          96           96
    22      99.9      998.8      30.5          96           96
    22      99.9      998.8      30.5          96           96
    23     100.3       23.4      30.7          98           98
    23      99.9       48.4      30.7          98           98
    23      99.9       73.4      30.9          98           98
    23     100.3       98.4      30.9          98           98
    23      99.9      123.4      30.9          98           98
    23      99.9      148.4      30.8          98           98
    23      99.9      173.4      30.8          98           98
    23      99.9      198.5      30.8          98           98
    23      99.9      223.5      30.8          98           98
    23      99.9      248.5      30.8          98           98
    23      99.9      273.5      30.8          98           98
    23      99.9      298.5      30.8          98           98
    23      99.9      323.5      30.6          99           99
    23     100.3      348.5      30.8          99           99
    23      99.9      373.5      30.7          98           98
    23      99.9      398.5      30.7          98           98
    23     100.3      423.6      30.6          99           99
    23     100.3      448.6      30.7          99           99
    23     100.3      473.6      30.7          99           99
    23      99.9      498.6      30.7          99           99
    23      99.5      523.6      30.7          99           99
    23      99.9      548.6      30.7         100          100
    23     100.3      573.6      30.6         100          100
    23      99.9      598.6      30.6         100          100
    23      99.9      623.6      30.6          99           99
    23      99.9      648.6      30.6          99           99
    23      99.9      673.6      30.7          99           99
    23      99.9      698.7      30.6          99           99
    23     100.3      723.7      30.6          99           99
    23     100.3      748.7      30.5          99           99
    23     100.3      773.7      30.6          99           99
    23      99.9      798.7      30.6          99           99
    23      99.5      823.7      30.6          99           99
    23      99.5      848.7      30.6          99           99
    23      99.5      873.7      30.6          99           99
    23     100.3      898.7      30.6          99           99
    23     100.3      923.7      30.6          99           99
    23      99.9      948.7      30.6          99           99
    23     100.3      973.7      30.6          98           98
    23      99.9      998.7      30.6          99           99
    23      99.9      998.7      30.6          99           99
    24     100.3       23.4      30.7         101          101
    24      99.9       48.4      30.8         102          102
    24     100.3       73.4      30.8         102          102
    24     100.3       98.4      30.8         102          102
    24     100.3      123.4      30.7         102          102
    24     100.3      148.4      30.8         103          103
    24      99.5      173.4      30.8         103          103
    24     100.3      198.5      30.8         103          103
    24      99.9      223.5      30.8         103          103
    24      99.9      248.5      30.7         103          103
    24     100.3      273.5      30.6         103          103
    24     100.3      298.5      30.7         103          103
    24      99.9      323.5      30.8         102          102
    24     100.3      348.5      30.8         102          102
    24      99.9      373.5      30.7         102          102
    24     100.3      398.5      30.5         102          102
    24      99.9      423.5      30.7         102          102
    24     100.3      448.6      30.7         102          102
    24      99.9      473.6      30.7         103          103
    24      99.9      498.6      30.7         103          103
    24      99.9      523.6      30.7         103          103
    24     100.3      548.6      30.7         103          103
    24     100.3      573.6      30.5         103          103
    24      99.9      598.6      30.5         103          103
    24      99.9      623.6      30.7         103          103
    24      99.9      648.6      30.4         103          103
    24      99.5      673.6      30.6         104          104
    24      99.5      698.6      30.5         104          104
    24     100.3      723.7      30.5         104          104
    24      99.9      748.7      30.4         104          104
    24      99.9      773.7      30.6         104          104
    24     100.3      798.7      30.6         104          104
    24     100.3      823.7      30.5         104          104
    24      99.5      848.7      30.4         104          104
    24     100.3      873.7      30.6         103          103
    24     100.3      898.7      30.4         103          103
    24      99.9      923.7      30.6         104          104
    24      99.9      948.7      30.5         104          104
    24      99.9      973.7      30.5         104          104
    24     100.3      998.7      30.4         103          103
    24     100.3      998.7      30.4         103          103

End of instrument data file.


Terminate file logging operation now
and press any key to continue.


________________________________________________________________
Configuration: WTS-125M-FV               CF2 V2_11 of Jun  3 2021

               _________________________________
                   Offload/Display Data File
               _________________________________
                   Wed Aug 16 11:37:41 2023

          <1> Display ALL data
          <2> Display event summary data
          <3> Display pump data
          <4> EEPROM data backup cache
          <M> Main Menu

          Selection [] ? m

________________________________________________________________
Configuration: WTS-125M-FV               CF2 V2_11 of Jun  3 2021

               McLane Research Laboratories, Inc.
                     Water Transfer System
                           ML15043-03
               _________________________________
                           Main Menu
               _________________________________
                   Wed Aug 16 11:37:44 2023

                            Port 00

          <1> Set Time          <5> Create Schedule
          <2> Diagnostics       <6> Deploy System
          <3> Manual Operation  <7> Offload Data
          <4> Sleep             <8> Contact McLane
          <C> Configure

                Selection [] ? 4

08/16/2023 11:37:47 Suspended ... 