7

________________________________________________________________
Configuration: WTS-125M-FV               CF2 V2_11 of Jun  3 2021

               _________________________________
                   Offload/Display Data File
               _________________________________
                   Sat Aug 19 08:21:56 2023

          <1> Display ALL data
          <2> Display event summary data
          <3> Display pump data
          <4> EEPROM data backup cache
          <M> Main Menu

          Selection [] ? 1

 Start the capture file now.
  
 Then, press any key to start the transfer.  The data
 file will remain in memory and is not erased by this
 offload procedure.


 Software version:  WTS-2_11
 Compiled:          Jun  3 2021 08:05:03
 Electronics S/N:   ML14986-03

 Data start:        08/27/2022 12:52:09
 Data stop:         04/29/2023 00:03:29

______

HEADER
______


 Lake Erie Lorain
 2022-2023
 Tim Suder & Joe Werne

________________

EVENT PARAMETERS
________________


                                |Flush  |Sample Time  
                                |Vol    |Vol    Limit 

 Event  1: 09/01/2022 00:00:00  |100    |1000   21    |NA       
 Event  2: 09/16/2022 00:00:00  |100    |1000   21    |NA       
 Event  3: 10/01/2022 00:00:00  |100    |1000   21    |NA       
 Event  4: 10/16/2022 00:00:00  |100    |1000   21    |NA       
 Event  5: 10/31/2022 00:00:00  |100    |1000   21    |NA       
 Event  6: 11/15/2022 00:00:00  |100    |1000   21    |NA       
 Event  7: 11/30/2022 00:00:00  |100    |1000   21    |NA       
 Event  8: 12/15/2022 00:00:00  |100    |1000   21    |NA       
 Event  9: 12/30/2022 00:00:00  |100    |1000   21    |NA       
 Event 10: 01/14/2023 00:00:00  |100    |1000   21    |NA       
 Event 11: 01/29/2023 00:00:00  |100    |1000   21    |NA       
 Event 12: 02/13/2023 00:00:00  |100    |1000   21    |NA       
 Event 13: 02/28/2023 00:00:00  |100    |1000   21    |NA       
 Event 14: 03/15/2023 00:00:00  |100    |1000   21    |NA       
 Event 15: 03/30/2023 00:00:00  |100    |1000   21    |NA       
 Event 16: 04/14/2023 00:00:00  |100    |1000   21    |NA       
 Event 17: 04/29/2023 00:00:00  |100    |1000   21    |NA       
 Event 18: 05/14/2023 00:00:00  |100    |1000   21    |NA       
 Event 19: 05/29/2023 00:00:00  |100    |1000   21    |NA       
 Event 20: 06/13/2023 00:00:00  |100    |1000   21    |NA       
 Event 21: 06/28/2023 00:00:00  |100    |1000   21    |NA       
 Event 22: 07/13/2023 00:00:00  |100    |1000   21    |NA       
 Event 23: 07/28/2023 00:00:00  |100    |1000   21    |NA       
 Event 24: 08/12/2023 00:00:00  |100    |1000   21    |NA       

Pump data period: 15 seconds
Available fixative at start of deployment: 198.5

_______________

DEPLOYMENT DATA
_______________

Event   |                        |Start                |Internal |Battery |Volume     |        |Procedure                     
Number  |Procedure               |Time                 |Temp.    |Voltage |Pumped     |Duration|Result                        
        |                        |                     |         |        |           |        |                              
       1|Water Flush             |  09/01/2022 00:00:02|     16.2|    35.9|        100|      61| Volume reached
       1|Sample                  |  09/01/2022 00:01:15|     16.9|    36.4|       1000|     601| Volume reached
        |                        |                     |         |        |           |        |                              
       2|Water Flush             |  09/16/2022 00:00:02|     12.4|    34.7|        100|      61| Volume reached
       2|Sample                  |  09/16/2022 00:01:19|     13.1|    35.6|       1000|     711| Volume reached
        |                        |                     |         |        |           |        |                              
       3|Water Flush             |  10/01/2022 00:00:02|     19.0|    34.7|        100|      61| Volume reached
       3|Sample                  |  10/01/2022 00:01:24|     19.7|    35.6|       1000|     601| Volume reached
        |                        |                     |         |        |           |        |                              
       4|Water Flush             |  10/16/2022 00:00:02|     15.8|    34.0|        100|      61| Volume reached
       4|Sample                  |  10/16/2022 00:01:30|     16.6|    35.0|       1000|     601| Volume reached
        |                        |                     |         |        |           |        |                              
       5|Water Flush             |  10/31/2022 00:00:02|     13.4|    33.6|        100|      61| Volume reached
       5|Sample                  |  10/31/2022 00:01:35|     14.3|    34.6|       1000|     601| Volume reached
        |                        |                     |         |        |           |        |                              
       6|Water Flush             |  11/15/2022 00:00:02|     12.3|    33.3|        100|      61| Volume reached
       6|Sample                  |  11/15/2022 00:01:40|     13.3|    34.3|       1000|     601| Volume reached
        |                        |                     |         |        |           |        |                              
       7|Water Flush             |  11/30/2022 00:00:02|      8.0|    32.5|        100|      61| Volume reached
       7|Sample                  |  11/30/2022 00:01:45|      9.2|    33.5|       1000|     601| Volume reached
        |                        |                     |         |        |           |        |                              
       8|Water Flush             |  12/15/2022 00:00:02|      4.4|    32.1|        100|      63| Volume reached
       8|Sample                  |  12/15/2022 00:01:52|      5.8|    33.1|        837|     574| Min flow reached
        |                        |                     |         |        |           |        |                              
       9|Water Flush             |  12/30/2022 00:00:02|      2.3|    32.0|        100|      80| Volume reached
       9|Sample                  |  12/30/2022 00:02:14|      4.0|    32.7|        190|     145| Min flow reached
        |                        |                     |         |        |           |        |                              
      10|Water Flush             |  01/14/2023 00:00:02|      1.2|    31.6|        100|      81| Volume reached
      10|Sample                  |  01/14/2023 00:02:21|      3.1|    32.3|        581|     412| Min flow reached
        |                        |                     |         |        |           |        |                              
      11|Water Flush             |  01/29/2023 00:00:02|      1.6|    31.3|        100|      80| Volume reached
      11|Sample                  |  01/29/2023 00:02:25|      3.6|    32.2|       1000|     671| Volume reached
        |                        |                     |         |        |           |        |                              
      12|Water Flush             |  02/13/2023 00:00:02|      1.0|    31.2|        100|      80| Volume reached
      12|Sample                  |  02/13/2023 00:02:30|      3.2|    31.9|       1000|     602| Volume reached
        |                        |                     |         |        |           |        |                              
      13|Water Flush             |  02/28/2023 00:00:02|      1.8|    31.1|         89|      69| Min flow reached
      13|Sample                  |  02/28/2023 00:02:20|      3.8|    31.8|        564|     388| Min flow reached
        |                        |                     |         |        |           |        |                              
      14|Water Flush             |  03/15/2023 00:00:02|      1.9|    31.2|         89|      70| Min flow reached
      14|Sample                  |  03/15/2023 00:02:15|      3.8|    31.7|        896|     597| Min flow reached
        |                        |                     |         |        |           |        |                              
      15|Water Flush             |  03/30/2023 00:00:02|      3.0|    31.0|         89|      70| Min flow reached
      15|Sample                  |  03/30/2023 00:02:10|      4.7|    31.3|       1000|     603| Volume reached
        |                        |                     |         |        |           |        |                              
      16|Water Flush             |  04/14/2023 00:00:02|      5.2|    30.5|        100|      80| Volume reached
      16|Sample                  |  04/14/2023 00:02:15|      6.8|    30.9|       1000|     601| Volume reached

____________

PUMPING DATA
____________


 Pump data period = 15 seconds

  [event#]  [ml/min]    [ml]     [Vbat]    [Av. Cur]    [High Cur]

     1     100.3       24.1      36.7          85           85
     1      99.9       49.1      36.7          83           83
     1      99.9       74.1      36.6          83           83
     1      99.9       99.1      36.7          84           84
     1      99.9      124.1      36.7          83           83
     1      99.9      149.1      36.7          83           83
     1      99.9      174.1      36.7          84           84
     1      99.5      199.1      36.7          84           84
     1     100.3      224.1      36.7          84           84
     1      99.9      249.1      36.7          85           85
     1      99.9      274.1      36.6          85           85
     1      99.9      299.1      36.7          86           86
     1      99.9      324.1      36.6          87           87
     1      99.5      349.1      36.6          87           87
     1      99.5      374.1      36.6          88           88
     1      99.5      399.1      36.6          89           89
     1     100.3      424.1      36.6          89           89
     1     100.3      449.1      36.6          89           89
     1      99.9      474.1      36.6          90           90
     1     100.3      499.1      36.6          90           90
     1      99.9      524.1      36.6          90           90
     1      99.5      549.1      36.6          91           91
     1      99.9      574.1      36.6          91           91
     1      99.9      599.1      36.6          91           91
     1      99.9      624.1      36.6          91           91
     1      99.9      649.1      36.6          91           91
     1     100.3      674.1      36.6          92           92
     1      99.9      699.1      36.5          92           92
     1      99.9      724.1      36.6          92           92
     1     100.3      749.1      36.5          92           92
     1      99.9      774.1      36.5          92           92
     1     100.3      799.1      36.5          93           93
     1     100.3      824.1      36.5          93           93
     1      99.5      849.1      36.5          94           94
     1      99.9      874.1      36.5          94           94
     1      99.9      899.1      36.5          95           95
     1     100.3      924.1      36.5          95           95
     1     100.3      949.1      36.4          95           95
     1      99.9      974.1      36.4          95           95
     1      99.9      999.1      36.4          96           96
     1      99.9      999.1      36.4          96           96
     2      99.9       23.9      35.9          90           90
     2      99.9       48.9      35.9          89           89
     2      99.5       73.9      36.0          89           89
     2      99.5       98.9      36.0          88           88
     2      99.9      123.9      36.0          89           89
     2      99.9      148.9      35.9          89           89
     2      99.5      173.9      36.0          90           90
     2      99.9      199.0      35.9          90           90
     2      99.9      224.0      35.9          90           90
     2     100.3      249.0      35.9          91           91
     2      99.9      274.0      35.9          91           91
     2      99.9      299.0      35.9          91           91
     2      99.5      324.0      35.9          91           91
     2      99.9      349.0      35.9          91           91
     2     100.3      374.0      35.9          91           91
     2     100.3      399.0      35.8          91           91
     2      99.5      424.0      35.9          91           91
     2      99.9      448.9      35.8          92           92
     2      99.5      473.9      35.8          93           93
     2      99.5      498.9      35.8          94           94
     2      99.5      523.9      35.8          95           95
     2      99.9      548.9      35.8          98           98
     2      99.5      573.9      35.8          98           98
     2      99.9      598.9      35.7         101          101
     2      99.5      623.8      35.7         102          102
     2     100.3      648.8      35.7         104          104
     2      87.4      672.5      35.8         104          104
     2      87.0      694.2      35.8         103          103
     2      86.1      716.3      35.8         102          102
     2      77.8      736.6      35.9         100          100
     2      79.9      756.2      35.8          99           99
     2      69.8      775.3      35.9          95           95
     2      69.8      792.8      35.8          92           92
     2      69.0      810.4      35.8          89           89
     2      63.1      826.7      36.0          88           88
     2      64.8      842.6      35.9          84           84
     2      57.3      858.1      35.9          83           83
     2      56.9      872.3      35.9          80           80
     2      58.1      886.8      35.9          79           79
     2      59.0      901.4      36.0          78           78
     2      56.9      915.6      35.9          77           77
     2      51.4      929.2      35.9          77           77
     2      52.3      942.3      35.9          76           76
     2      53.1      955.5      35.9          77           77
     2      53.9      968.9      35.9          77           77
     2      51.8      982.0      35.9          77           77
     2      53.1      995.1      35.9          77           77
     3      99.9       24.0      35.8          86           86
     3     100.3       49.0      35.7          86           86
     3     100.3       74.0      35.8          87           87
     3      99.9       99.0      35.8          87           87
     3      99.9      124.0      35.8          87           87
     3      99.9      149.0      35.8          87           87
     3      99.9      174.0      35.7          87           87
     3      99.9      199.0      35.8          87           87
     3      99.9      224.0      35.8          87           87
     3      99.9      249.0      35.7          88           88
     3      99.5      274.0      35.8          88           88
     3      99.9      299.0      35.8          88           88
     3     100.3      324.0      35.8          88           88
     3      99.9      349.1      35.7          88           88
     3     100.3      374.1      35.8          88           88
     3      99.9      399.1      35.7          87           87
     3      99.9      424.1      35.7          87           87
     3      99.9      449.1      35.8          87           87
     3     100.3      474.1      35.7          87           87
     3      99.9      499.1      35.8          88           88
     3     100.3      524.1      35.7          88           88
     3      99.9      549.1      35.7          88           88
     3     100.3      574.1      35.7          88           88
     3     100.3      599.1      35.7          88           88
     3      99.9      624.1      35.7          88           88
     3      99.9      649.1      35.7          88           88
     3      99.9      674.1      35.7          88           88
     3     100.3      699.1      35.7          88           88
     3      99.9      724.1      35.7          89           89
     3      99.9      749.2      35.7          89           89
     3     100.3      774.2      35.7          89           89
     3      99.9      799.2      35.7          90           90
     3      99.9      824.2      35.7          90           90
     3     100.3      849.2      35.7          90           90
     3      99.9      874.2      35.7          90           90
     3      99.9      899.2      35.7          90           90
     3      99.9      924.2      35.7          90           90
     3      99.9      949.2      35.6          90           90
     3     100.3      974.2      35.6          90           90
     3      99.9      999.2      35.6          91           91
     3      99.9      999.2      35.6          91           91
     4      99.9       23.9      35.3          92           92
     4     100.3       48.9      35.3          90           90
     4     100.3       73.9      35.3          89           89
     4      99.9       98.9      35.3          90           90
     4      99.9      123.9      35.3          90           90
     4      99.9      148.9      35.3          90           90
     4      99.5      173.9      35.3          90           90
     4     100.3      198.9      35.3          90           90
     4      99.9      223.9      35.3          90           90
     4     100.3      249.0      35.2          90           90
     4      99.9      274.0      35.2          90           90
     4      99.9      299.0      35.3          91           91
     4      99.9      324.0      35.3          90           90
     4      99.9      349.0      35.3          91           91
     4     100.3      374.0      35.2          91           91
     4      99.9      399.0      35.2          91           91
     4     100.3      424.0      35.3          91           91
     4      99.9      449.0      35.3          92           92
     4      99.9      474.0      35.3          92           92
     4      99.9      499.0      35.3          92           92
     4      99.9      524.0      35.2          92           92
     4     100.3      549.0      35.2          92           92
     4      99.9      574.0      35.2          92           92
     4     100.3      599.0      35.2          92           92
     4     100.3      624.0      35.2          92           92
     4      99.9      649.0      35.2          93           93
     4      99.9      674.0      35.2          93           93
     4      99.9      699.0      35.1          93           93
     4     100.3      724.1      35.2          93           93
     4     100.3      749.1      35.2          93           93
     4      99.9      774.1      35.2          93           93
     4     100.3      799.1      35.2          93           93
     4     100.3      824.1      35.2          94           94
     4     100.3      849.1      35.2          94           94
     4      99.9      874.1      35.2          94           94
     4      99.9      899.1      35.2          94           94
     4      99.9      924.1      35.1          95           95
     4      99.9      949.1      35.2          95           95
     4      99.9      974.1      35.2          95           95
     4      99.5      999.1      35.2          96           96
     4      99.5      999.1      35.2          96           96
     5      99.9       23.8      34.8          96           96
     5      99.9       48.8      34.8          94           94
     5     100.3       73.8      34.8          95           95
     5     100.3       98.8      34.8          95           95
     5      99.9      123.8      34.8          95           95
     5      99.9      148.9      34.8          95           95
     5     100.3      173.9      34.7          95           95
     5      99.9      198.9      34.8          95           95
     5      99.9      223.9      34.8          95           95
     5      99.9      248.9      34.9          95           95
     5      99.9      273.9      34.8          95           95
     5      99.9      298.9      34.8          95           95
     5      99.9      323.9      34.8          95           95
     5      99.9      348.9      34.8          95           95
     5     100.3      373.9      34.8          95           95
     5      99.9      398.9      34.8          96           96
     5      99.9      423.9      34.8          96           96
     5      99.9      448.9      34.8          96           96
     5      99.9      474.0      34.8          96           96
     5      99.5      499.0      34.8          96           96
     5      99.9      524.0      34.8          96           96
     5     100.3      549.0      34.7          96           96
     5      99.9      574.0      34.7          96           96
     5      99.9      599.0      34.8          96           96
     5      99.9      624.0      34.8          96           96
     5      99.9      649.0      34.8          96           96
     5      99.9      674.0      34.7          96           96
     5     100.3      699.0      34.8          96           96
     5      99.9      724.0      34.8          96           96
     5     100.3      749.0      34.8          97           97
     5     100.3      774.0      34.8          97           97
     5      99.9      799.0      34.7          97           97
     5     100.3      824.1      34.7          97           97
     5      99.9      849.1      34.7          97           97
     5      99.9      874.1      34.7          97           97
     5      99.9      899.1      34.7          97           97
     5     100.3      924.1      34.7          97           97
     5      99.9      949.1      34.7          97           97
     5      99.9      974.1      34.7          97           97
     5      99.9      999.1      34.6          97           97
     5      99.9      999.1      34.6          97           97
     6      99.9       23.8      34.5          97           97
     6      99.9       48.8      34.4          96           96
     6      99.9       73.8      34.5          96           96
     6      99.9       98.8      34.5          97           97
     6     100.3      123.8      34.4          97           97
     6     100.3      148.8      34.5          96           96
     6     100.3      173.8      34.5          96           96
     6     100.3      198.8      34.4          97           97
     6      99.9      223.8      34.5          97           97
     6      99.9      248.8      34.5          97           97
     6      99.9      273.9      34.5          97           97
     6      99.9      298.9      34.5          97           97
     6      99.9      323.9      34.4          97           97
     6      99.9      348.9      34.4          97           97
     6     100.3      373.9      34.5          96           96
     6      99.9      398.9      34.5          97           97
     6     100.3      423.9      34.4          97           97
     6      99.9      448.9      34.4          97           97
     6      99.9      473.9      34.5          97           97
     6      99.9      498.9      34.4          97           97
     6     100.3      523.9      34.4          97           97
     6     100.3      548.9      34.4          97           97
     6     100.3      573.9      34.4          97           97
     6      99.9      598.9      34.4          97           97
     6      99.5      624.0      34.4          97           97
     6      99.9      649.0      34.4          98           98
     6     100.3      674.0      34.4          97           97
     6     100.3      699.0      34.3          98           98
     6      99.9      724.0      34.4          97           97
     6     100.3      749.0      34.4          98           98
     6      99.9      774.0      34.4          98           98
     6      99.9      799.0      34.4          98           98
     6     100.3      824.0      34.3          98           98
     6     100.3      849.0      34.3          98           98
     6      99.9      874.0      34.3          98           98
     6      99.9      899.0      34.3          98           98
     6     100.3      924.0      34.4          98           98
     6     100.3      949.0      34.3          98           98
     6      99.9      974.0      34.4          99           99
     6     100.3      999.1      34.3          99           99
     6     100.3      999.1      34.3          99           99
     7     100.3       23.7      33.8         103          103
     7     100.3       48.7      33.9         103          103
     7      99.9       73.7      33.9         103          103
     7     100.3       98.7      33.9         103          103
     7      99.9      123.7      33.8         103          103
     7     100.3      148.7      33.9         103          103
     7      99.9      173.7      33.9         103          103
     7     100.3      198.7      33.9         103          103
     7     100.3      223.7      33.9         103          103
     7      99.9      248.7      33.9         103          103
     7      99.9      273.8      33.9         103          103
     7      99.9      298.8      33.8         104          104
     7     100.3      323.8      33.9         104          104
     7     100.3      348.8      33.9         104          104
     7     100.3      373.8      33.9         104          104
     7     100.3      398.8      33.9         105          105
     7      99.5      423.8      33.9         105          105
     7     100.3      448.8      33.9         104          104
     7      99.9      473.8      33.8         105          105
     7      99.9      498.8      33.9         105          105
     7     100.3      523.8      33.8         104          104
     7      99.9      548.9      33.8         104          104
     7     100.3      573.9      33.9         105          105
     7     100.3      598.9      33.8         105          105
     7      99.9      623.9      33.9         104          104
     7     100.3      648.9      33.8         105          105
     7      99.9      673.9      33.8         105          105
     7      99.9      698.9      33.8         105          105
     7     100.3      723.9      33.9         105          105
     7     100.3      748.9      33.8         105          105
     7      99.9      773.9      33.8         105          105
     7     100.3      798.9      33.8         105          105
     7      99.9      823.9      33.8         105          105
     7     100.3      848.9      33.8         105          105
     7      99.9      873.9      33.8         105          105
     7      99.9      898.9      33.8         106          106
     7     100.3      924.0      33.7         105          105
     7      99.9      949.0      33.6         105          105
     7      99.9      974.0      33.8         105          105
     7     100.3      999.0      33.8         106          106
     7     100.3      999.0      33.8         106          106
     8      99.9       23.5      33.3         104          104
     8     100.3       48.6      33.4         105          105
     8     100.3       73.6      33.4         106          106
     8     100.3       98.6      33.4         106          106
     8     100.3      123.6      33.4         105          105
     8     100.3      148.6      33.3         106          106
     8      99.9      173.6      33.5         106          106
     8      99.9      198.6      33.4         106          106
     8     100.3      223.6      33.4         106          106
     8      99.9      248.6      33.4         106          106
     8      99.9      273.7      33.3         106          106
     8     100.3      298.7      33.4         106          106
     8      99.9      323.7      33.4         107          107
     8     100.3      348.7      33.3         106          106
     8      99.9      373.7      33.4         106          106
     8      99.9      398.7      33.4         107          107
     8      99.9      423.7      33.3         107          107
     8      99.9      448.7      33.4         108          108
     8      99.9      473.7      33.3         108          108
     8      99.9      498.7      33.3         108          108
     8      99.9      523.7      33.4         108          108
     8      99.9      548.7      33.3         109          109
     8      99.5      573.7      33.3         109          109
     8      99.5      598.7      33.3         109          109
     8      95.7      623.4      33.2         110          110
     8      87.0      645.8      33.4         108          108
     8      89.1      667.7      33.3         107          107
     8      77.8      688.7      33.3         105          105
     8      64.8      707.2      33.6         103          103
     8      64.8      723.4      33.6          97           97
     8      66.5      740.1      33.6          94           94
     8      59.4      756.3      33.7          89           89
     8      59.0      771.0      33.6          87           87
     8      49.8      784.0      33.8          81           81
     8      50.6      796.6      33.7          78           78
     8      50.6      809.3      33.7          75           75
     8      49.8      822.1      33.7          74           74
     8      50.2      834.6      33.7          72           72
     9      99.9       23.5      32.9         109          109
     9      99.9       48.5      32.9         110          110
     9     100.3       73.5      33.0         110          110
     9      95.7       97.7      33.1         110          110
     9      87.0      120.9      33.2         110          110
     9      72.8      140.9      33.3         106          106
     9      53.9      155.7      33.6         103          103
     9      54.4      169.2      33.5          96           96
     9      50.2      182.3      33.5          92           92
    10      99.9       23.5      32.7         108          108
    10      99.5       48.5      32.7         109          109
    10      99.9       73.5      32.7         109          109
    10      96.6       97.7      32.7         109          109
    10      97.8      121.9      32.7         108          108
    10      97.8      146.4      32.7         108          108
    10      99.9      171.4      32.7         109          109
    10      99.9      196.4      32.7         110          110
    10      99.9      221.4      32.7         110          110
    10      99.9      246.4      32.7         110          110
    10     100.3      271.4      32.5         111          111
    10      99.9      296.5      32.6         112          112
    10      96.2      321.1      32.7         112          112
    10      95.7      345.1      32.7         111          111
    10      98.3      369.6      32.6         111          111
    10      94.9      393.4      32.7         111          111
    10      86.1      415.4      32.9         110          110
    10      88.2      437.1      32.8         107          107
    10      76.5      457.6      32.9         106          106
    10      64.0      475.9      33.1         101          101
    10      64.0      491.9      33.0          98           98
    10      64.0      508.2      33.1          92           92
    10      58.1      523.8      33.1          90           90
    10      50.2      537.9      33.2          85           85
    10      50.2      550.4      33.2          82           82
    10      51.0      563.1      33.2          77           77
    10      50.2      575.7      33.2          76           76
    11      99.9       23.5      32.5         107          107
    11     100.3       48.5      32.6         106          106
    11      99.9       73.5      32.5         106          106
    11      99.9       98.5      32.6         106          106
    11     100.3      123.6      32.6         105          105
    11      99.5      148.6      32.6         105          105
    11     100.3      173.6      32.6         105          105
    11      99.9      198.6      32.5         105          105
    11      99.9      223.6      32.6         105          105
    11      99.9      248.6      32.6         105          105
    11      99.9      273.6      32.4         105          105
    11     100.3      298.6      32.6         105          105
    11     100.3      323.6      32.4         105          105
    11      99.9      348.6      32.6         105          105
    11     100.3      373.7      32.6         105          105
    11      99.9      398.7      32.5         106          106
    11      99.9      423.7      32.5         106          106
    11      99.9      448.7      32.5         105          105
    11      99.9      473.7      32.6         106          106
    11     100.3      498.7      32.4         106          106
    11      99.9      523.7      32.4         106          106
    11      99.9      548.7      32.5         106          106
    11      99.9      573.7      32.5         106          106
    11      99.9      598.7      32.5         106          106
    11      99.9      623.7      32.4         106          106
    11      99.5      648.7      32.5         106          106
    11     100.3      673.7      32.3         106          106
    11      99.9      698.7      32.3         107          107
    11      99.9      723.7      32.3         107          107
    11      99.9      748.7      32.3         109          109
    11      96.6      773.5      32.5         109          109
    11      87.0      796.2      32.6         109          109
    11      88.6      818.0      32.5         109          109
    11      79.0      839.6      32.6         107          107
    11      64.8      858.1      32.8         105          105
    11      65.2      874.4      32.8          98           98
    11      66.5      891.0      32.7          95           95
    11      65.2      907.5      32.8          89           89
    11      59.0      922.5      32.8          87           87
    11      60.2      937.4      32.9          82           82
    11      53.1      951.4      32.9          79           79
    11      53.1      964.7      32.9          77           77
    11      53.9      978.1      32.9          76           76
    11      51.8      991.2      32.9          74           74
    12      99.9       23.4      32.2          98           98
    12     100.3       48.5      32.3          99           99
    12      99.9       73.5      32.3          99           99
    12      99.9       98.5      32.3          99           99
    12     100.3      123.5      32.1          99           99
    12      99.9      148.5      32.3          99           99
    12      99.5      173.5      32.3          99           99
    12     100.3      198.5      32.2         100          100
    12     100.3      223.5      32.2         100          100
    12      99.9      248.6      32.3         100          100
    12      99.9      273.6      32.3         100          100
    12      99.9      298.6      32.2         100          100
    12     100.3      323.6      32.1         101          101
    12      99.9      348.6      32.3         101          101
    12      99.9      373.6      32.2         101          101
    12     100.3      398.6      32.2         100          100
    12      99.9      423.6      32.2         100          100
    12      99.9      448.6      32.2         100          100
    12     100.3      473.7      32.2         101          101
    12      99.9      498.7      32.2         100          100
    12      99.9      523.7      32.2         100          100
    12      99.9      548.7      32.2         101          101
    12      99.9      573.7      32.2         101          101
    12      99.9      598.7      32.2         100          100
    12      99.9      623.7      32.1         100          100
    12      99.9      648.7      32.1         100          100
    12     100.3      673.7      32.2         100          100
    12     100.3      698.7      32.1         100          100
    12      99.9      723.7      32.1         100          100
    12     100.3      748.7      32.1         100          100
    12      99.9      773.7      32.1         100          100
    12      99.5      798.7      32.1         101          101
    12      99.9      823.8      32.1         101          101
    12      99.5      848.8      32.1         101          101
    12      99.9      873.8      32.1         101          101
    12      99.9      898.8      32.0         101          101
    12      99.9      923.8      31.9         101          101
    12      99.9      948.8      31.9         101          101
    12      99.9      973.8      32.1         101          101
    12     100.3      998.8      32.1         101          101
    12     100.3      998.8      32.1         101          101
    13      99.9       23.4      32.1         103          103
    13      99.9       48.4      32.1         102          102
    13     100.3       73.5      32.1         102          102
    13     100.3       98.5      32.1         102          102
    13      99.9      123.5      32.1         102          102
    13     100.3      148.5      32.1         103          103
    13      99.9      173.5      32.1         103          103
    13      99.9      198.5      32.0         103          103
    13      99.9      223.5      32.1         103          103
    13      99.9      248.5      32.0         103          103
    13      99.9      273.5      32.1         103          103
    13     100.3      298.6      32.1         103          103
    13      99.9      323.6      32.1         104          104
    13      99.9      348.6      32.1         104          104
    13      99.9      373.6      32.1         104          104
    13      99.9      398.6      32.1         104          104
    13      99.9      423.5      32.0         104          104
    13      87.4      447.5      32.2         105          105
    13      72.8      467.7      32.3         103          103
    13      72.8      485.9      32.4          99           99
    13      53.9      499.9      32.6          95           95
    13      55.2      513.5      32.6          87           87
    13      56.0      527.2      32.5          83           83
    13      53.9      541.1      32.5          75           75
    13      50.2      553.8      32.5          72           72
    14     100.3       23.4      31.8         100          100
    14      99.9       48.4      31.8         102          102
    14      99.9       73.4      32.0         102          102
    14      99.9       98.4      32.0         103          103
    14      99.9      123.4      32.0         103          103
    14      99.9      148.5      32.0         103          103
    14      99.9      173.5      32.0         104          104
    14      99.9      198.5      31.9         104          104
    14      99.9      223.5      32.0         104          104
    14      99.9      248.5      31.9         104          104
    14     100.3      273.5      31.8         104          104
    14     100.3      298.5      31.9         104          104
    14      99.5      323.5      31.9         104          104
    14     100.3      348.6      31.9         104          104
    14      99.9      373.6      31.9         104          104
    14      99.9      398.6      31.9         105          105
    14      99.9      423.6      31.9         105          105
    14     100.3      448.6      31.7         105          105
    14      99.9      473.6      31.9         105          105
    14      99.9      498.6      31.9         105          105
    14      99.9      523.6      31.9         104          104
    14      99.9      548.6      31.9         104          104
    14      99.9      573.7      31.9         103          103
    14      99.9      598.7      31.9         103          103
    14     100.3      623.7      31.9         103          103
    14      99.9      648.6      31.9         102          102
    14     100.3      673.6      31.8         102          102
    14      99.9      698.6      31.8         104          104
    14      96.2      723.0      31.9         104          104
    14      87.4      744.8      31.8         103          103
    14      86.6      766.7      31.9         102          102
    14      77.8      787.1      32.1         100          100
    14      64.8      803.5      32.2          97           97
    14      65.2      819.9      32.2          91           91
    14      59.4      835.3      32.2          87           87
    14      49.8      849.1      32.3          80           80
    14      51.0      861.6      32.3          77           77
    14      51.0      874.3      32.3          71           71
    14      49.8      886.9      32.3          69           69
    15      99.9       23.4      31.8         102          102
    15      99.9       48.4      31.8         105          105
    15     100.3       73.4      31.8         105          105
    15     100.3       98.4      31.8         105          105
    15      99.9      123.4      31.7         105          105
    15      99.9      148.5      31.8         106          106
    15      99.5      173.5      31.8         106          106
    15     100.3      198.5      31.8         107          107
    15      99.9      223.5      31.8         107          107
    15      99.9      248.5      31.8         107          107
    15     100.3      273.5      31.7         107          107
    15     100.3      298.5      31.8         108          108
    15      99.9      323.5      31.6         107          107
    15      99.9      348.6      31.8         107          107
    15      99.9      373.6      31.7         107          107
    15      99.9      398.6      31.8         107          107
    15     100.3      423.6      31.7         107          107
    15      99.9      448.6      31.8         107          107
    15      99.9      473.6      31.6         106          106
    15      99.9      498.6      31.8         106          106
    15      99.9      523.6      31.6         106          106
    15      99.9      548.6      31.7         106          106
    15      99.9      573.6      31.6         106          106
    15      99.9      598.7      31.8         106          106
    15      99.9      623.7      31.7         106          106
    15     100.3      648.7      31.6         106          106
    15      99.9      673.7      31.6         106          106
    15      99.9      698.7      31.5         106          106
    15     100.3      723.7      31.7         105          105
    15      99.9      748.7      31.6         105          105
    15     100.3      773.7      31.6         106          106
    15      99.9      798.7      31.7         106          106
    15      99.9      823.7      31.6         106          106
    15      99.9      848.7      31.6         107          107
    15      99.9      873.7      31.5         107          107
    15      99.5      898.7      31.6         108          108
    15      99.5      923.7      31.5         109          109
    15      99.9      948.7      31.5         110          110
    15      96.6      973.6      31.5         110          110
    15      87.4      996.6      31.7         110          110
    16     100.3       23.4      31.2         103          103
    16     100.3       48.4      31.1         104          104
    16      99.9       73.4      31.2         103          103
    16      99.9       98.4      31.2         103          103
    16     100.3      123.5      31.1         104          104
    16      99.9      148.5      31.2         103          103
    16      99.9      173.5      31.2         103          103
    16      99.9      198.5      31.2         103          103
    16      99.9      223.5      31.3         103          103
    16      99.9      248.5      31.2         104          104
    16      99.9      273.5      31.2         104          104
    16      99.9      298.5      31.2         104          104
    16      99.9      323.5      31.2         104          104
    16      99.9      348.6      31.2         104          104
    16      99.9      373.6      31.1         105          105
    16      99.9      398.6      31.2         105          105
    16     100.3      423.6      31.1         105          105
    16      99.9      448.6      31.2         104          104
    16     100.3      473.6      31.1         104          104
    16      99.9      498.6      31.0         104          104
    16     100.3      523.6      31.2         105          105
    16     100.3      548.6      31.0         105          105
    16      99.9      573.6      31.2         105          105
    16      99.9      598.6      31.2         105          105
    16      99.9      623.7      30.9         105          105
    16      99.9      648.7      31.1         105          105
    16      99.9      673.7      31.1         105          105
    16     100.3      698.7      31.0         105          105
    16     100.3      723.7      31.1         105          105
    16      99.9      748.7      31.1         105          105
    16      99.9      773.7      30.9         105          105
    16     100.3      798.7      31.1         105          105
    16      99.9      823.7      31.2         105          105
    16      99.9      848.7      30.9         105          105
    16      99.9      873.7      31.1         105          105
    16      99.9      898.7      31.1         105          105
    16      99.9      923.8      31.1         105          105
    16     100.3      948.8      31.1         105          105
    16     100.3      973.8      31.0         105          105
    16      99.9      998.8      31.0         105          105
    16      99.9      998.8      31.0         105          105

End of instrument data file.


Terminate file logging operation now
and press any key to continue.


________________________________________________________________
Configuration: WTS-125M-FV               CF2 V2_11 of Jun  3 2021

               _________________________________
                   Offload/Display Data File
               _________________________________
                   Sat Aug 19 08:23:52 2023

          <1> Display ALL data
          <2> Display event summary data
          <3> Display pump data
          <4> EEPROM data backup cache
          <M> Main Menu

          Selection [] ? m

________________________________________________________________
Configuration: WTS-125M-FV               CF2 V2_11 of Jun  3 2021

               McLane Research Laboratories, Inc.
                     Water Transfer System
                           ML14986-03
               _________________________________
                           Main Menu
               _________________________________
                   Sat Aug 19 08:25:11 2023

                            Port 99

          <1> Set Time          <5> Create Schedule
          <2> Diagnostics       <6> Deploy System
          <3> Manual Operation  <7> Offload Data
          <4> Sleep             <8> Contact McLane
          <C> Configure

                Selection [] ? 4

08/19/2023 08:25:23 Suspended ... 