7

________________________________________________________________
Configuration: WTS-125M-FV               CF2 V2_11 of Jun  3 2021

               _________________________________
                   Offload/Display Data File
               _________________________________
                   Sat Aug 19 11:10:14 2023

          <1> Display ALL data
          <2> Display event summary data
          <3> Display pump data
          <4> EEPROM data backup cache
          <M> Main Menu

          Selection [] ? 1

 Start the capture file now.
  
 Then, press any key to start the transfer.  The data
 file will remain in memory and is not erased by this
 offload procedure.


 Software version:  WTS-2_11
 Compiled:          Jun  3 2021 08:05:03
 Electronics S/N:   ML14986-04

 Data start:        08/27/2022 13:21:41
 Data stop:         04/29/2023 00:03:02

______

HEADER
______


 Lake Erie Central Mooring
 2022-2023
 Tim Suder & Joe Werne

________________

EVENT PARAMETERS
________________


                                |Flush  |Sample Time  
                                |Vol    |Vol    Limit 

 Event  1: 09/01/2022 00:00:00  |100    |1000   21    |NA       
 Event  2: 09/16/2022 00:00:00  |100    |1000   21    |NA       
 Event  3: 10/01/2022 00:00:00  |100    |1000   21    |NA       
 Event  4: 10/16/2022 00:00:00  |100    |1000   21    |NA       
 Event  5: 10/31/2022 00:00:00  |100    |1000   21    |NA       
 Event  6: 11/15/2022 00:00:00  |100    |1000   21    |NA       
 Event  7: 11/30/2022 00:00:00  |100    |1000   21    |NA       
 Event  8: 12/15/2022 00:00:00  |100    |1000   21    |NA       
 Event  9: 12/30/2022 00:00:00  |100    |1000   21    |NA       
 Event 10: 01/14/2023 00:00:00  |100    |1000   21    |NA       
 Event 11: 01/29/2023 00:00:00  |100    |1000   21    |NA       
 Event 12: 02/13/2023 00:00:00  |100    |1000   21    |NA       
 Event 13: 02/28/2023 00:00:00  |100    |1000   21    |NA       
 Event 14: 03/15/2023 00:00:00  |100    |1000   21    |NA       
 Event 15: 03/30/2023 00:00:00  |100    |1000   21    |NA       
 Event 16: 04/14/2023 00:00:00  |100    |1000   21    |NA       
 Event 17: 04/29/2023 00:00:00  |100    |1000   21    |NA       
 Event 18: 05/14/2023 00:00:00  |100    |1000   21    |NA       
 Event 19: 05/29/2023 00:00:00  |100    |1000   21    |NA       
 Event 20: 06/13/2023 00:00:00  |100    |1000   21    |NA       
 Event 21: 06/28/2023 00:00:00  |100    |1000   21    |NA       
 Event 22: 07/13/2023 00:00:00  |100    |1000   21    |NA       
 Event 23: 07/28/2023 00:00:00  |100    |1000   21    |NA       
 Event 24: 08/12/2023 00:00:00  |100    |1000   21    |NA       

Pump data period: 15 seconds
Available fixative at start of deployment: 198.5

_______________

DEPLOYMENT DATA
_______________

Event   |                        |Start                |Internal |Battery |Volume     |        |Procedure                     
Number  |Procedure               |Time                 |Temp.    |Voltage |Pumped     |Duration|Result                        
        |                        |                     |         |        |           |        |                              
       1|Water Flush             |  09/01/2022 00:00:02|     24.3|    36.0|        101|      63| Volume reached
       1|Sample                  |  09/01/2022 00:01:16|     24.9|    36.5|       1000|     649| Volume reached
        |                        |                     |         |        |           |        |                              
       2|Water Flush             |  09/16/2022 00:00:02|     23.1|    35.2|        100|      61| Volume reached
       2|Sample                  |  09/16/2022 00:01:19|     23.7|    35.9|       1000|     601| Volume reached
        |                        |                     |         |        |           |        |                              
       3|Water Flush             |  10/01/2022 00:00:02|     18.7|    34.5|        100|      61| Volume reached
       3|Sample                  |  10/01/2022 00:01:24|     19.4|    35.4|       1000|     601| Volume reached
        |                        |                     |         |        |           |        |                              
       4|Water Flush             |  10/16/2022 00:00:02|     16.5|    34.0|        100|      61| Volume reached
       4|Sample                  |  10/16/2022 00:01:30|     17.3|    34.9|       1000|     601| Volume reached
        |                        |                     |         |        |           |        |                              
       5|Water Flush             |  10/31/2022 00:00:02|     13.4|    33.6|        100|      61| Volume reached
       5|Sample                  |  10/31/2022 00:01:35|     14.3|    34.5|       1000|     601| Volume reached
        |                        |                     |         |        |           |        |                              
       6|Water Flush             |  11/15/2022 00:00:02|     12.4|    33.1|        100|      61| Volume reached
       6|Sample                  |  11/15/2022 00:01:40|     13.5|    34.1|       1000|     602| Volume reached
        |                        |                     |         |        |           |        |                              
       7|Water Flush             |  11/30/2022 00:00:02|      8.7|    32.7|        100|      61| Volume reached
       7|Sample                  |  11/30/2022 00:01:45|      9.9|    33.7|       1000|     707| Volume reached
        |                        |                     |         |        |           |        |                              
       8|Water Flush             |  12/15/2022 00:00:02|      6.6|    32.3|        100|      65| Volume reached
       8|Sample                  |  12/15/2022 00:01:54|      8.0|    33.3|        981|     777| Min flow reached
        |                        |                     |         |        |           |        |                              
       9|Water Flush             |  12/30/2022 00:00:02|      2.8|    32.0|        100|      79| Volume reached
       9|Sample                  |  12/30/2022 00:02:13|      4.6|    32.7|         89|      70| Min flow reached
        |                        |                     |         |        |           |        |                              
      10|Water Flush             |  01/14/2023 00:00:02|      2.2|    31.8|        100|      80| Volume reached
      10|Sample                  |  01/14/2023 00:02:19|      4.2|    32.5|        291|     301| Min flow reached
        |                        |                     |         |        |           |        |                              
      11|Water Flush             |  01/29/2023 00:00:02|      2.0|    31.5|        100|      79| Volume reached
      11|Sample                  |  01/29/2023 00:02:24|      4.1|    32.2|        446|     465| Min flow reached
        |                        |                     |         |        |           |        |                              
      12|Water Flush             |  02/13/2023 00:00:02|      1.5|    31.2|        100|      78| Volume reached
      12|Sample                  |  02/13/2023 00:02:28|      3.8|    32.0|        560|     518| Min flow reached
        |                        |                     |         |        |           |        |                              
      13|Water Flush             |  02/28/2023 00:00:02|      1.5|    31.2|        100|      79| Volume reached
      13|Sample                  |  02/28/2023 00:02:29|      3.7|    31.8|        456|     397| Min flow reached
        |                        |                     |         |        |           |        |                              
      14|Water Flush             |  03/15/2023 00:00:02|      2.0|    31.0|        100|      71| Volume reached
      14|Sample                  |  03/15/2023 00:02:16|      4.0|    31.5|        987|     833| Min flow reached
        |                        |                     |         |        |           |        |                              
      15|Water Flush             |  03/30/2023 00:00:02|      2.5|    31.1|        100|      71| Volume reached
      15|Sample                  |  03/30/2023 00:02:11|      4.2|    31.5|        515|     431| Min flow reached
        |                        |                     |         |        |           |        |                              
      16|Water Flush             |  04/14/2023 00:00:02|      4.5|    31.1|        100|      71| Volume reached
      16|Sample                  |  04/14/2023 00:02:06|      6.0|    31.4|       1000|     650| Volume reached
        |                        |                     |         |        |           |        |                              
      17|Water Flush             |  04/29/2023 00:00:02|      6.1|    29.5|        100|      72| Volume reached

____________

PUMPING DATA
____________


 Pump data period = 15 seconds

  [event#]  [ml/min]    [ml]     [Vbat]    [Av. Cur]    [High Cur]

     1      99.9       23.7      36.6          98           98
     1     100.3       48.8      36.7          97           97
     1      99.9       73.7      36.7          97           97
     1      95.7       98.2      36.7          97           97
     1      97.8      122.3      36.8          96           96
     1      98.3      146.8      36.7          96           96
     1      95.3      170.9      36.8          97           97
     1      97.0      194.7      36.7          96           96
     1      93.7      218.8      36.7          96           96
     1      93.7      242.3      36.7          96           96
     1      92.8      265.9      36.8          96           96
     1      93.2      289.2      36.7          95           95
     1      94.9      312.9      36.7          95           95
     1      94.1      336.9      36.7          95           95
     1      94.1      360.4      36.7          95           95
     1      92.8      384.1      36.7          95           95
     1      93.2      407.3      36.7          96           96
     1      91.6      430.7      36.7          96           96
     1      92.0      453.7      36.6          96           96
     1      94.1      477.2      36.7          96           96
     1      90.7      500.3      36.7          96           96
     1      92.8      523.1      36.6          95           95
     1      93.7      546.4      36.6          95           95
     1      92.0      569.8      36.7          96           96
     1      92.4      592.8      36.7          96           96
     1      91.1      615.9      36.6          96           96
     1      92.4      638.7      36.6          96           96
     1      90.3      661.5      36.6          97           97
     1      92.4      684.1      36.6          97           97
     1      91.6      707.1      36.6          97           97
     1      90.7      730.3      36.6          97           97
     1      83.2      752.4      36.7          96           96
     1      82.8      773.2      36.6          95           95
     1      85.3      794.4      36.6          94           94
     1      87.0      815.9      36.6          94           94
     1      89.1      837.7      36.6          93           93
     1      89.1      860.0      36.6          93           93
     1      91.1      882.6      36.5          93           93
     1      87.8      904.8      36.6          94           94
     1      89.9      926.9      36.6          95           95
     1      89.9      949.4      36.6          96           96
     1      89.1      972.1      36.6          97           97
     1      89.1      994.3      36.5          98           98
     2      99.9       23.8      36.3          90           90
     2      99.9       48.8      36.3          87           87
     2      99.9       73.8      36.2          87           87
     2      99.9       98.8      36.2          88           88
     2      99.9      123.8      36.2          88           88
     2      99.9      148.8      36.2          88           88
     2      99.9      173.8      36.2          88           88
     2     100.3      198.8      36.2          89           89
     2      99.9      223.8      36.2          89           89
     2      99.5      248.9      36.2          90           90
     2      99.9      273.9      36.2          90           90
     2      99.9      298.9      36.2          91           91
     2      99.9      323.9      36.2          91           91
     2     100.3      348.9      36.2          91           91
     2      99.9      373.9      36.1          91           91
     2      99.9      398.9      36.2          91           91
     2      99.9      423.9      36.1          92           92
     2      99.9      448.9      36.1          92           92
     2      99.5      473.9      36.1          92           92
     2      99.9      498.9      36.1          93           93
     2     100.3      523.9      36.0          93           93
     2     100.3      548.9      36.0          94           94
     2      99.5      573.9      36.1          94           94
     2     100.3      598.9      36.1          94           94
     2      99.9      623.9      36.1          94           94
     2      99.9      648.9      36.1          94           94
     2     100.3      673.9      36.1          94           94
     2     100.3      698.9      36.0          95           95
     2      99.9      723.9      36.1          96           96
     2      99.9      749.0      36.0          96           96
     2     100.3      774.0      36.0          96           96
     2      99.9      799.0      36.1          96           96
     2      99.9      824.0      36.1          96           96
     2     100.3      849.0      36.0          96           96
     2      99.5      874.0      36.0          95           95
     2      99.9      899.0      36.0          95           95
     2      99.5      924.0      36.0          95           95
     2      99.9      949.0      36.0          96           96
     2     100.8      974.0      36.0          96           96
     2      99.9      999.0      36.0          96           96
     2      99.9      999.0      36.0          96           96
     3      99.5       23.8      35.7          95           95
     3     100.3       48.8      35.7          94           94
     3      99.9       73.8      35.7          94           94
     3      99.9       98.8      35.6          94           94
     3      99.9      123.8      35.7          94           94
     3     100.3      148.8      35.7          95           95
     3      99.9      173.8      35.7          95           95
     3      99.9      198.8      35.7          95           95
     3     100.3      223.8      35.6          95           95
     3      99.9      248.8      35.7          95           95
     3      99.9      273.8      35.6          95           95
     3      99.9      298.9      35.6          95           95
     3      99.5      323.8      35.7          95           95
     3      99.9      348.9      35.7          96           96
     3     100.3      373.9      35.6          96           96
     3     100.3      398.9      35.6          96           96
     3      99.9      423.9      35.5          96           96
     3      99.9      448.9      35.6          96           96
     3     100.3      473.9      35.6          96           96
     3      99.9      498.9      35.6          96           96
     3      99.9      523.9      35.6          96           96
     3      99.9      548.9      35.6          97           97
     3      99.9      573.9      35.6          97           97
     3      99.9      598.9      35.5          97           97
     3     100.3      623.9      35.6          97           97
     3      99.9      648.9      35.6          97           97
     3     100.3      674.0      35.6          98           98
     3     100.3      699.0      35.5          98           98
     3      99.9      724.0      35.6          98           98
     3      99.9      749.0      35.5          98           98
     3      99.5      774.0      35.5          98           98
     3      99.5      799.0      35.5          98           98
     3      99.5      824.0      35.5          98           98
     3     100.3      849.0      35.5          98           98
     3     100.3      874.0      35.5          98           98
     3      99.9      899.0      35.5          98           98
     3      99.5      924.0      35.5          98           98
     3     100.3      949.0      35.5          98           98
     3      99.5      974.0      35.5          99           99
     3      99.5      999.0      35.5          99           99
     3      99.5      999.0      35.5          99           99
     4      99.9       23.7      35.2          88           88
     4      99.9       48.7      35.3          90           90
     4      99.9       73.7      35.3          90           90
     4      99.9       98.7      35.3          91           91
     4      99.9      123.7      35.2          91           91
     4      99.9      148.8      35.2          92           92
     4      99.9      173.8      35.2          92           92
     4     100.3      198.8      35.2          93           93
     4      99.9      223.8      35.2          93           93
     4     100.3      248.8      35.1          93           93
     4     100.3      273.8      35.2          93           93
     4     100.3      298.8      35.2          94           94
     4      99.9      323.8      35.2          94           94
     4     100.3      348.8      35.2          94           94
     4      99.9      373.8      35.2          94           94
     4     100.3      398.8      35.1          94           94
     4      99.9      423.8      35.2          95           95
     4      99.9      448.8      35.2          95           95
     4      99.9      473.9      35.2          95           95
     4     100.3      498.9      35.1          95           95
     4      99.5      523.9      35.2          95           95
     4     100.3      548.9      35.2          95           95
     4      99.9      573.9      35.2          95           95
     4      99.9      598.9      35.1          94           94
     4      99.5      623.9      35.1          94           94
     4     100.3      648.9      35.1          94           94
     4      99.5      673.9      35.1          95           95
     4      99.9      698.9      35.1          95           95
     4     100.3      723.9      35.0          95           95
     4      99.9      748.9      35.1          96           96
     4      99.5      773.9      35.1          96           96
     4     100.3      799.0      35.1          96           96
     4      99.9      824.0      35.0          96           96
     4      99.9      849.0      35.1          96           96
     4      99.9      874.0      35.1          96           96
     4      99.9      899.0      35.1          96           96
     4     100.3      924.0      35.1          96           96
     4     100.3      949.0      35.1          96           96
     4      99.9      974.0      35.1          96           96
     4      99.9      999.0      35.0          96           96
     4      99.9      999.0      35.0          96           96
     5     100.3       23.7      34.7          87           87
     5      99.9       48.7      34.7          89           89
     5      99.5       73.7      34.8          90           90
     5      99.9       98.7      34.8          90           90
     5      99.5      123.7      34.7          91           91
     5     100.3      148.7      34.8          91           91
     5      99.9      173.7      34.8          91           91
     5     100.3      198.7      34.7          92           92
     5     100.3      223.7      34.8          92           92
     5      99.5      248.7      34.7          92           92
     5     100.3      273.8      34.7          92           92
     5      99.9      298.8      34.7          92           92
     5      99.9      323.8      34.7          92           92
     5      99.9      348.8      34.8          92           92
     5      99.5      373.8      34.7          92           92
     5     100.3      398.8      34.7          92           92
     5      99.9      423.8      34.7          92           92
     5      99.5      448.8      34.7          92           92
     5     100.8      473.8      34.6          92           92
     5      99.9      498.8      34.7          93           93
     5      99.9      523.8      34.6          93           93
     5      99.9      548.8      34.7          93           93
     5     100.3      573.9      34.6          92           92
     5      99.5      598.9      34.7          92           92
     5     100.3      623.9      34.7          93           93
     5      99.5      648.9      34.6          93           93
     5      99.9      673.9      34.7          92           92
     5      99.9      698.9      34.7          92           92
     5      99.9      723.9      34.6          93           93
     5     100.8      748.9      34.7          93           93
     5     100.3      773.9      34.6          93           93
     5     100.3      798.9      34.6          93           93
     5      99.9      823.9      34.6          92           92
     5      99.9      848.9      34.7          93           93
     5      99.9      873.9      34.6          93           93
     5      99.5      898.9      34.6          93           93
     5     100.3      924.0      34.6          93           93
     5     100.3      949.0      34.6          94           94
     5     100.3      974.0      34.6          94           94
     5     102.9      998.9      34.5          94           94
     5     102.9      998.9      34.5          94           94
     6      99.5       23.7      34.4          90           90
     6      99.9       48.6      34.4          88           88
     6      99.9       73.7      34.4          89           89
     6     100.3       98.7      34.4          90           90
     6      99.9      123.7      34.5          90           90
     6      99.9      148.7      34.4          90           90
     6      99.9      173.7      34.4          90           90
     6     100.3      198.7      34.4          91           91
     6     100.3      223.7      34.4          91           91
     6      99.9      248.7      34.4          91           91
     6      99.9      273.7      34.4          91           91
     6     100.3      298.7      34.4          91           91
     6      99.9      323.7      34.4          91           91
     6      99.9      348.8      34.3          91           91
     6     100.3      373.8      34.4          91           91
     6      99.5      398.8      34.4          91           91
     6     100.3      423.8      34.4          92           92
     6     100.3      448.8      34.4          92           92
     6      99.9      473.8      34.3          93           93
     6     100.3      498.8      34.4          93           93
     6      99.9      523.8      34.4          93           93
     6      99.9      548.8      34.3          93           93
     6      99.9      573.8      34.4          93           93
     6      99.9      598.8      34.4          92           92
     6      99.5      623.8      34.4          92           92
     6      99.9      648.9      34.3          92           92
     6     100.3      673.9      34.4          92           92
     6     100.3      698.9      34.2          93           93
     6      99.9      723.9      34.3          92           92
     6      99.9      748.9      34.3          93           93
     6      99.9      773.9      34.3          93           93
     6     100.3      798.9      34.2          93           93
     6     100.3      823.9      34.3          93           93
     6      99.9      848.9      34.3          93           93
     6      99.9      873.9      34.3          93           93
     6     100.3      898.9      34.2          93           93
     6      99.9      923.9      34.3          93           93
     6      99.9      948.9      34.3          93           93
     6     100.3      973.9      34.3          92           92
     6      99.9      998.9      34.3          92           92
     6      99.9      998.9      34.3          92           92
     7     100.3       23.6      33.9          92           92
     7      96.6       48.2      34.0          93           93
     7      95.7       72.2      34.0          92           92
     7      87.0       94.2      34.1          89           89
     7      88.6      116.2      34.1          88           88
     7      90.7      138.5      34.0          87           87
     7      91.1      161.3      34.0          87           87
     7      93.2      184.4      34.1          86           86
     7      94.9      207.8      34.0          86           86
     7      94.9      231.5      34.0          86           86
     7      94.5      255.5      34.0          87           87
     7      93.7      279.0      34.0          89           89
     7      93.2      302.9      34.0          90           90
     7      92.8      326.1      34.1          90           90
     7      94.9      349.8      34.0          90           90
     7      97.4      373.7      34.0          90           90
     7      94.5      397.8      33.9          90           90
     7      94.1      421.3      34.0          90           90
     7      95.7      445.2      33.9          90           90
     7      92.8      468.8      34.0          90           90
     7      94.9      492.1      34.0          90           90
     7      94.9      515.9      34.0          91           91
     7      97.0      540.0      34.0          91           91
     7      99.1      564.4      33.9          91           91
     7      96.2      588.6      33.9          91           91
     7      96.6      612.8      33.9          91           91
     7      94.9      636.8      33.9          92           92
     7      97.4      660.7      33.9          93           93
     7      94.1      684.5      33.9          93           93
     7      96.2      708.0      33.9          93           93
     7      92.4      731.7      33.8          93           93
     7      70.7      752.2      34.1          91           91
     7      70.7      770.0      34.1          88           88
     7      70.2      787.9      34.1          84           84
     7      69.8      805.4      34.1          82           82
     7      69.0      823.2      34.1          78           78
     7      69.0      840.4      34.1          76           76
     7      69.0      857.9      34.1          73           73
     7      63.1      874.1      34.2          72           72
     7      64.8      890.0      34.1          71           71
     7      64.8      906.2      34.0          70           70
     7      65.2      922.7      34.1          70           70
     7      59.4      938.5      34.2          70           70
     7      59.0      953.3      34.2          68           68
     7      59.8      968.2      34.2          68           68
     7      61.0      983.5      34.2          68           68
     7      59.8      998.5      34.1          68           68
     8     100.3       23.5      33.4         103          103
     8      96.2       48.1      33.6         104          104
     8      87.0       70.1      33.7         100          100
     8      87.4       92.1      33.7          97           97
     8      86.6      113.6      33.7          96           96
     8      87.8      135.4      33.7          95           95
     8      90.3      157.6      33.7          95           95
     8      90.3      180.1      33.7          93           93
     8      89.1      202.7      33.7          93           93
     8      89.1      225.0      33.7          93           93
     8      91.1      247.7      33.7          94           94
     8      88.6      269.9      33.7          94           94
     8      90.3      292.1      33.7          94           94
     8      91.1      314.6      33.6          94           94
     8      89.1      337.2      33.7          95           95
     8      90.7      359.5      33.6          94           94
     8      87.8      381.8      33.7          95           95
     8      89.9      403.9      33.6          94           94
     8      89.9      426.4      33.6          95           95
     8      89.1      449.0      33.6          95           95
     8      89.9      471.3      33.5          95           95
     8      90.7      494.1      33.5          95           95
     8      87.8      516.4      33.6          95           95
     8      89.9      538.5      33.5          95           95
     8      90.3      561.0      33.5          95           95
     8      89.1      583.7      33.6          95           95
     8      81.1      604.9      33.7          94           94
     8      82.8      625.2      33.6          93           93
     8      83.2      646.0      33.6          93           93
     8      80.3      666.2      33.7          92           92
     8      73.2      684.7      33.7          91           91
     8      60.6      701.8      33.8          88           88
     8      60.6      717.1      33.8          85           85
     8      63.1      732.8      33.8          82           82
     8      64.0      748.8      33.8          81           81
     8      56.9      764.2      33.9          78           78
     8      57.3      778.5      33.9          76           76
     8      58.1      792.9      33.8          73           73
     8      59.0      807.5      33.8          73           73
     8      59.4      822.3      33.8          73           73
     8      57.7      837.2      33.9          73           73
     8      58.1      851.7      33.8          72           72
     8      56.9      866.2      33.8          72           72
     8      56.4      880.5      33.8          72           72
     8      51.8      893.9      33.9          72           72
     8      53.1      906.9      33.9          71           71
     8      53.1      920.2      33.8          71           71
     8      52.3      933.4      33.8          70           70
     8      49.8      946.3      33.8          70           70
     8      50.2      958.8      33.8          69           69
     8      49.8      971.4      33.9          68           68
     9      99.5       23.3      33.0         100          100
     9      95.7       47.9      33.0         101          101
     9      72.3       68.3      33.5          97           97
     9      49.8       81.7      33.6          86           86
    10      99.5       23.3      32.7         100          100
    10      95.3       48.0      32.9         102          102
    10      73.2       68.5      33.2          98           98
    10      53.9       82.7      33.4          87           87
    10      50.2       95.2      33.4          83           83
    10      51.0      107.9      33.4          77           77
    10      51.8      120.7      33.5          75           75
    10      51.8      133.7      33.4          67           67
    10      53.1      146.9      33.5          63           63
    10      53.9      160.2      33.4          59           59
    10      54.4      173.7      33.4          59           59
    10      52.7      187.2      33.4          60           60
    10      53.5      200.5      33.4          60           60
    10      53.9      214.0      33.4          61           61
    10      53.1      227.6      33.4          61           61
    10      49.8      240.5      33.5          61           61
    10      50.6      253.0      33.4          60           60
    10      51.0      265.8      33.4          60           60
    10      51.0      278.6      33.4          60           60
    10      50.2      291.1      33.4          60           60
    10      50.2      291.1      33.4          60           60
    11     100.3       23.3      32.5         105          105
    11      96.6       48.0      32.6         105          105
    11      73.2       68.5      32.9         101          101
    11      54.4       82.7      33.2          91           91
    11      54.8       96.3      33.2          87           87
    11      53.1      109.6      33.2          81           81
    11      54.4      123.0      33.2          80           80
    11      55.2      136.5      33.2          71           71
    11      55.2      150.3      33.2          68           68
    11      56.0      164.2      33.2          65           65
    11      53.9      177.9      33.2          65           65
    11      55.2      191.5      33.2          65           65
    11      54.8      205.2      33.1          65           65
    11      54.4      219.0      33.2          65           65
    11      53.9      232.5      33.1          66           66
    11      54.8      246.3      33.1          65           65
    11      56.4      260.2      33.2          65           65
    11      57.3      274.2      33.1          66           66
    11      54.8      288.1      33.1          66           66
    11      56.0      301.9      33.1          65           65
    11      56.0      315.9      33.1          65           65
    11      53.9      329.4      33.2          66           66
    11      53.5      343.0      33.2          66           66
    11      53.1      356.3      33.1          65           65
    11      53.9      369.7      33.1          65           65
    11      52.3      382.8      33.1          65           65
    11      51.8      395.9      33.1          65           65
    11      51.4      408.6      33.1          65           65
    11      50.2      421.5      33.2          65           65
    11      49.8      434.0      33.2          64           64
    12      99.5       23.3      32.2         113          113
    12      96.2       48.0      32.4         111          111
    12      73.6       68.7      32.7         107          107
    12      72.8       87.0      32.7          99           99
    12      72.3      105.3      32.7          97           97
    12      73.6      123.4      32.6          94           94
    12      70.7      141.4      32.7          93           93
    12      72.8      159.3      32.7          87           87
    12      70.2      177.0      32.7          85           85
    12      72.3      194.7      32.8          84           84
    12      71.9      212.7      32.7          84           84
    12      71.1      230.8      32.8          84           84
    12      70.2      248.5      32.7          84           84
    12      74.0      266.8      32.7          84           84
    12      74.8      285.3      32.7          85           85
    12      74.8      304.0      32.7          85           85
    12      66.9      322.0      32.8          85           85
    12      54.8      336.9      32.9          83           83
    12      56.0      350.6      32.8          82           82
    12      55.6      364.6      32.8          79           79
    12      57.3      378.8      32.9          78           78
    12      58.1      393.2      32.9          76           76
    12      56.0      407.2      32.9          75           75
    12      56.0      421.3      32.9          73           73
    12      55.2      435.1      32.9          73           73
    12      53.9      448.9      32.9          73           73
    12      53.9      462.4      32.8          73           73
    12      53.1      476.0      32.9          73           73
    12      53.1      489.2      32.9          73           73
    12      52.7      502.7      32.9          73           73
    12      51.8      515.7      32.9          72           72
    12      51.0      528.7      32.9          72           72
    12      51.0      541.5      32.8          72           72
    12      49.8      554.1      32.9          71           71
    13      99.5       23.3      32.1         102          102
    13      96.2       47.9      32.1         103          103
    13      72.8       68.7      32.5          99           99
    13      73.2       87.0      32.5          91           91
    13      75.3      105.7      32.5          89           89
    13      71.9      123.7      32.5          86           86
    13      70.7      141.9      32.5          85           85
    13      71.5      159.7      32.6          79           79
    13      72.8      177.8      32.5          76           76
    13      75.3      196.2      32.4          75           75
    13      69.8      214.3      32.5          75           75
    13      74.0      232.6      32.6          74           74
    13      73.6      251.1      32.5          74           74
    13      72.8      269.7      32.5          75           75
    13      74.0      287.9      32.5          75           75
    13      71.5      306.2      32.5          75           75
    13      66.1      323.5      32.5          75           75
    13      66.5      340.0      32.6          74           74
    13      68.6      357.0      32.6          74           74
    13      60.2      373.2      32.6          72           72
    13      50.2      386.6      32.7          71           71
    13      51.4      399.2      32.7          67           67
    13      51.4      411.9      32.7          66           66
    13      52.3      424.9      32.7          64           64
    13      49.8      437.7      32.7          63           63
    13      50.2      450.2      32.7          61           61
    14      99.9       23.3      31.8         104          104
    14      96.2       48.0      32.0         103          103
    14      73.2       69.0      32.4          99           99
    14      73.2       87.2      32.5          90           90
    14      75.3      105.9      32.4          88           88
    14      76.5      124.9      32.3          85           85
    14      79.0      144.2      32.4          84           84
    14      79.0      164.0      32.4          79           79
    14      81.1      184.1      32.3          77           77
    14      82.8      204.5      32.3          78           78
    14      83.2      225.3      32.3          79           79
    14      82.0      246.2      32.4          82           82
    14      82.0      266.7      32.3          82           82
    14      83.6      287.6      32.3          84           84
    14      84.5      308.9      32.3          84           84
    14      83.2      329.6      32.3          85           85
    14      82.4      350.6      32.3          85           85
    14      82.0      371.1      32.3          84           84
    14      83.6      392.0      32.3          84           84
    14      86.1      413.1      32.2          85           85
    14      83.2      434.0      32.2          85           85
    14      85.3      455.0      32.2          85           85
    14      82.0      475.5      32.3          85           85
    14      81.5      496.2      32.2          85           85
    14      81.1      516.5      32.3          85           85
    14      82.8      537.1      32.2          85           85
    14      79.4      557.3      32.2          84           84
    14      73.2      576.1      32.3          83           83
    14      74.8      594.5      32.3          82           82
    14      75.3      613.2      32.3          81           81
    14      71.9      631.4      32.3          79           79
    14      74.0      649.6      32.2          78           78
    14      71.1      667.4      32.3          77           77
    14      72.8      685.4      32.3          76           76
    14      74.4      703.7      32.3          76           76
    14      71.9      722.0      32.3          76           76
    14      56.0      738.2      32.4          75           75
    14      54.8      752.0      32.4          73           73
    14      55.6      765.9      32.4          72           72
    14      57.3      780.0      32.5          70           70
    14      56.9      794.2      32.4          69           69
    14      56.0      808.5      32.4          66           66
    14      56.4      822.5      32.4          65           65
    14      55.2      836.4      32.4          64           64
    14      56.0      850.2      32.4          64           64
    14      55.6      864.2      32.4          64           64
    14      55.2      878.3      32.4          65           65
    14      50.2      891.3      32.5          64           64
    14      51.0      903.9      32.4          64           64
    14      51.0      916.6      32.5          63           63
    14      52.3      929.6      32.4          63           63
    14      53.1      942.6      32.4          62           62
    14      51.0      955.5      32.4          62           62
    14      50.2      968.1      32.4          61           61
    14      50.2      980.6      32.4          61           61
    15      99.9       23.3      31.8         107          107
    15      95.7       48.0      31.9         106          106
    15      72.8       69.2      32.3         103          103
    15      72.8       87.5      32.3          95           95
    15      74.8      106.1      32.2          93           93
    15      76.5      125.1      32.3          90           90
    15      78.6      144.4      32.1          89           89
    15      79.0      164.1      32.1          85           85
    15      80.7      184.2      32.1          83           83
    15      83.2      204.6      32.0          83           83
    15      83.2      225.3      32.1          84           84
    15      82.0      246.2      32.0          86           86
    15      82.4      266.7      32.1          87           87
    15      80.7      287.4      32.1          88           88
    15      81.1      307.6      32.0          88           88
    15      80.3      328.0      32.2          89           89
    15      73.2      346.3      32.1          88           88
    15      74.4      364.8      32.0          87           87
    15      69.0      382.9      32.3          86           86
    15      55.2      398.7      32.4          83           83
    15      54.8      412.5      32.4          81           81
    15      56.0      426.4      32.4          77           77
    15      53.9      440.0      32.3          74           74
    15      54.8      453.6      32.3          72           72
    15      53.1      467.0      32.4          71           71
    15      49.8      479.8      32.4          68           68
    15      51.0      492.3      32.4          67           67
    15      49.8      505.0      32.4          67           67
    16     100.3       23.3      31.7         110          110
    16      96.2       48.0      31.8         108          108
    16      87.0       70.2      31.9         106          106
    16      88.6       92.1      32.0         103          103
    16      90.3      114.4      31.9         102          102
    16      91.1      137.2      31.9         102          102
    16      90.7      160.1      31.9         102          102
    16      89.9      182.6      31.9         100          100
    16      92.0      205.5      31.8          99           99
    16      94.5      228.6      31.8         101          101
    16      91.1      251.5      31.9         101          101
    16      93.2      274.5      31.8         101          101
    16      94.1      297.8      31.7         102          102
    16      94.9      321.5      31.8         102          102
    16      92.0      344.7      31.8         103          103
    16      94.1      367.9      31.8         103          103
    16      94.9      391.4      31.8         103          103
    16      92.8      415.0      31.8         104          104
    16      94.9      438.3      31.8         104          104
    16      92.0      461.9      31.7         105          105
    16      91.6      484.9      31.8         104          104
    16      94.1      508.3      31.7         105          105
    16      94.5      532.1      31.7         105          105
    16      93.2      555.3      31.6         105          105
    16      94.9      578.9      31.6         105          105
    16      92.0      602.3      31.8         105          105
    16      92.0      625.3      31.6         105          105
    16      90.7      648.5      31.7         105          105
    16      92.4      671.3      31.8         105          105
    16      92.8      694.5      31.7         105          105
    16      94.9      718.1      31.7         105          105
    16      92.4      741.2      31.6         104          104
    16      91.6      764.4      31.6         104          104
    16      90.7      787.1      31.7         104          104
    16      92.8      810.2      31.6         104          104
    16      94.9      833.6      31.6         104          104
    16      92.0      856.8      31.6         104          104
    16      93.7      880.0      31.4         104          104
    16      91.6      902.8      31.6         104          104
    16      93.2      925.8      31.6         104          104
    16      90.3      948.6      31.5         104          104
    16      92.0      971.2      31.6         104          104
    16      92.0      994.2      31.6         104          104

End of instrument data file.


Terminate file logging operation now
and press any key to continue.


________________________________________________________________
Configuration: WTS-125M-FV               CF2 V2_11 of Jun  3 2021

               _________________________________
                   Offload/Display Data File
               _________________________________
                   Sat Aug 19 11:12:10 2023

          <1> Display ALL data
          <2> Display event summary data
          <3> Display pump data
          <4> EEPROM data backup cache
          <M> Main Menu

          Selection [] ? m

________________________________________________________________
Configuration: WTS-125M-FV               CF2 V2_11 of Jun  3 2021

               McLane Research Laboratories, Inc.
                     Water Transfer System
                           ML14986-04
               _________________________________
                           Main Menu
               _________________________________
                   Sat Aug 19 11:12:13 2023

                            Port 00

          <1> Set Time          <5> Create Schedule
          <2> Diagnostics       <6> Deploy System
          <3> Manual Operation  <7> Offload Data
          <4> Sleep             <8> Contact McLane
          <C> Configure

                Selection [] ? 4

08/19/2023 11:12:15 Suspended ... 